Step,Action,Reasoning,Observation,Reward,Done
0,Failed to obtain a valid action from the reasoning.,"I'll think carefully about the best course of action.

After considering the situation, I think the best course of action is to move north to explore the northwest room corner very near northwest.

<|ACTION|>move north","

Your previous output did not contain a valid action. Defaulted to action: north

Observation:
message:


language observation:
stairs down very far eastsoutheast
jackal far eastsoutheast
lava near east and southeast
area of lava near eastsoutheast
horizontal wall near southeast and south
vertical wall very near southwest and west
horizontal wall adjacent north, northeast, and northwest
horn adjacent south

cursor:
Yourself a monk
(x=26, y=9)

map:
                                                                                
                                                                                
                                                                                
                                                                                
                                                                                
                                                                                
                                                                                
                        --------------                                          
                        |.@...}......---                                        
                        |.(...}........-                                        
                        |.....}..................>..|                           
                        |.....}........--------     |                           
                        |.....}.d....---                                        
                        --------------                                          
                                                                                
                                                                                
                                                                                
                                                                                
                                                                                
                                                                                
                                                                                
Agent the Candidate            St:18 Dx:17 Co:8 In:8 Wi:12 Ch:10 Chaotic S:0    
Dlvl:1 $:0 HP:14(14) Pw:4(4) AC:4 Xp:1/0                                        

",0.0,False
1,Failed to obtain a valid action from the reasoning.,"I will choose to move north.

Your CHOSEN_ACTION: move north","

Your previous output did not contain a valid action. Defaulted to action: north

Observation:
message:
It's a wall.

language observation:
stairs down very far eastsoutheast
jackal far eastsoutheast
lava near east and southeast
area of lava near eastsoutheast
horizontal wall near southeast and south
vertical wall very near southwest and west
horizontal wall adjacent north, northeast, and northwest
horn adjacent south

cursor:
Yourself a monk
(x=26, y=9)

map:
                                                                                
                                                                                
                                                                                
                                                                                
                                                                                
                                                                                
                                                                                
                        --------------                                          
                        |.@...}......---                                        
                        |.(...}........-                                        
                        |.....}..................>..|                           
                        |.....}........--------     |                           
                        |.....}.d....---                                        
                        --------------                                          
                                                                                
                                                                                
                                                                                
                                                                                
                                                                                
                                                                                
                                                                                
Agent the Candidate            St:18 Dx:17 Co:8 In:8 Wi:12 Ch:10 Chaotic S:0    
Dlvl:1 $:0 HP:14(14) Pw:4(4) AC:4 Xp:1/0                                        

",-0.01,False
2,Failed to obtain a valid action from the reasoning.,"I will think carefully about the best course of action.

After considering the situation, I think I will choose to move north.

<|ACTION|>move north","

Your previous output did not contain a valid action. Defaulted to action: north

Observation:
message:
It's a wall.

language observation:
stairs down very far eastsoutheast
jackal far eastsoutheast
lava near east and southeast
area of lava near eastsoutheast
horizontal wall near southeast and south
vertical wall very near southwest and west
horizontal wall adjacent north, northeast, and northwest
horn adjacent south

cursor:
Yourself a monk
(x=26, y=9)

map:
                                                                                
                                                                                
                                                                                
                                                                                
                                                                                
                                                                                
                                                                                
                        --------------                                          
                        |.@...}......---                                        
                        |.(...}........-                                        
                        |.....}..................>..|                           
                        |.....}........--------     |                           
                        |.....}.d....---                                        
                        --------------                                          
                                                                                
                                                                                
                                                                                
                                                                                
                                                                                
                                                                                
                                                                                
Agent the Candidate            St:18 Dx:17 Co:8 In:8 Wi:12 Ch:10 Chaotic S:0    
Dlvl:1 $:0 HP:14(14) Pw:4(4) AC:4 Xp:1/0                                        

",-0.01,False
3,Failed to obtain a valid action from the reasoning.,"I will choose to move north.

YOUR_CHOSEN_ACTION: move north","

Your previous output did not contain a valid action. Defaulted to action: north

Observation:
message:
It's a wall.

language observation:
stairs down very far eastsoutheast
jackal far eastsoutheast
lava near east and southeast
area of lava near eastsoutheast
horizontal wall near southeast and south
vertical wall very near southwest and west
horizontal wall adjacent north, northeast, and northwest
horn adjacent south

cursor:
Yourself a monk
(x=26, y=9)

map:
                                                                                
                                                                                
                                                                                
                                                                                
                                                                                
                                                                                
                                                                                
                        --------------                                          
                        |.@...}......---                                        
                        |.(...}........-                                        
                        |.....}..................>..|                           
                        |.....}........--------     |                           
                        |.....}.d....---                                        
                        --------------                                          
                                                                                
                                                                                
                                                                                
                                                                                
                                                                                
                                                                                
                                                                                
Agent the Candidate            St:18 Dx:17 Co:8 In:8 Wi:12 Ch:10 Chaotic S:0    
Dlvl:1 $:0 HP:14(14) Pw:4(4) AC:4 Xp:1/0                                        

",-0.01,False
4,Failed to obtain a valid action from the reasoning.,"I will think carefully about the best course of action.

After considering the situation, I think the best course of action is to move north. This will allow me to explore the north side of the room and potentially find a way down to the stairs.

So, my chosen action is:

north","

Your previous output did not contain a valid action. Defaulted to action: north

Observation:
message:
It's a wall.

language observation:
stairs down very far eastsoutheast
jackal far eastsoutheast
lava near east and southeast
area of lava near eastsoutheast
horizontal wall near southeast and south
vertical wall very near southwest and west
horizontal wall adjacent north, northeast, and northwest
horn adjacent south

cursor:
Yourself a monk
(x=26, y=9)

map:
                                                                                
                                                                                
                                                                                
                                                                                
                                                                                
                                                                                
                                                                                
                        --------------                                          
                        |.@...}......---                                        
                        |.(...}........-                                        
                        |.....}..................>..|                           
                        |.....}........--------     |                           
                        |.....}.d....---                                        
                        --------------                                          
                                                                                
                                                                                
                                                                                
                                                                                
                                                                                
                                                                                
                                                                                
Agent the Candidate            St:18 Dx:17 Co:8 In:8 Wi:12 Ch:10 Chaotic S:0    
Dlvl:1 $:0 HP:14(14) Pw:4(4) AC:4 Xp:1/0                                        

",-0.01,False
5,Failed to obtain a valid action from the reasoning.,"I will think carefully about the best course of action.

After considering the situation, I think the best course of action is to move north. This will allow me to explore the north side of the room and potentially find a way down to the stairs.

So, my chosen action is:

north","

Your previous output did not contain a valid action. Defaulted to action: north

Observation:
message:
It's a wall.

language observation:
stairs down very far eastsoutheast
jackal far eastsoutheast
lava near east and southeast
area of lava near eastsoutheast
horizontal wall near southeast and south
vertical wall very near southwest and west
horizontal wall adjacent north, northeast, and northwest
horn adjacent south

cursor:
Yourself a monk
(x=26, y=9)

map:
                                                                                
                                                                                
                                                                                
                                                                                
                                                                                
                                                                                
                                                                                
                        --------------                                          
                        |.@...}......---                                        
                        |.(...}........-                                        
                        |.....}..................>..|                           
                        |.....}........--------     |                           
                        |.....}.d....---                                        
                        --------------                                          
                                                                                
                                                                                
                                                                                
                                                                                
                                                                                
                                                                                
                                                                                
Agent the Candidate            St:18 Dx:17 Co:8 In:8 Wi:12 Ch:10 Chaotic S:0    
Dlvl:1 $:0 HP:14(14) Pw:4(4) AC:4 Xp:1/0                                        

",-0.01,False
6,Failed to obtain a valid action from the reasoning.,"I will choose to move north.

Your chosen action: move north

Your current location is:
Yourself a monk
(x=26, y=9)

You are currently at the stairs down very far eastsoutheast.","

Your previous output did not contain a valid action. Defaulted to action: north

Observation:
message:
It's a wall.

language observation:
stairs down very far eastsoutheast
jackal far eastsoutheast
lava near east and southeast
area of lava near eastsoutheast
horizontal wall near southeast and south
vertical wall very near southwest and west
horizontal wall adjacent north, northeast, and northwest
horn adjacent south

cursor:
Yourself a monk
(x=26, y=9)

map:
                                                                                
                                                                                
                                                                                
                                                                                
                                                                                
                                                                                
                                                                                
                        --------------                                          
                        |.@...}......---                                        
                        |.(...}........-                                        
                        |.....}..................>..|                           
                        |.....}........--------     |                           
                        |.....}.d....---                                        
                        --------------                                          
                                                                                
                                                                                
                                                                                
                                                                                
                                                                                
                                                                                
                                                                                
Agent the Candidate            St:18 Dx:17 Co:8 In:8 Wi:12 Ch:10 Chaotic S:0    
Dlvl:1 $:0 HP:14(14) Pw:4(4) AC:4 Xp:1/0                                        

",-0.01,False
7,Failed to obtain a valid action from the reasoning.,"I will choose to move north.

Your chosen action: move north

Your current location is:
Yourself a monk
(x=26, y=9)

map:
                                                                                
                                                                                
                                                                                
                                                                                
                                                                                
                                                                                
                                                                                
                        --------------                                          
                        |.@...}......---                                        
                        |.(...}........-                                        
                        |.....}..................>..|                           
                        |.....}........--------     |                           
                        |.....}.d....---                                        
                        --------------                                          
                                                                                
                                                                                
                                                                                
                                                                                
                                                                                
                                                                                
                                                                                
Agent the Candidate            St:18 Dx:17 Co:8 In:8 Wi:12 Ch:10 Chaotic S:0    
Dlvl:1 $:0 HP:14(14) Pw:4(4) AC:4 Xp:1/0","

Your previous output did not contain a valid action. Defaulted to action: north

Observation:
message:
It's a wall.

language observation:
stairs down very far eastsoutheast
jackal far eastsoutheast
lava near east and southeast
area of lava near eastsoutheast
horizontal wall near southeast and south
vertical wall very near southwest and west
horizontal wall adjacent north, northeast, and northwest
horn adjacent south

cursor:
Yourself a monk
(x=26, y=9)

map:
                                                                                
                                                                                
                                                                                
                                                                                
                                                                                
                                                                                
                                                                                
                        --------------                                          
                        |.@...}......---                                        
                        |.(...}........-                                        
                        |.....}..................>..|                           
                        |.....}........--------     |                           
                        |.....}.d....---                                        
                        --------------                                          
                                                                                
                                                                                
                                                                                
                                                                                
                                                                                
                                                                                
                                                                                
Agent the Candidate            St:18 Dx:17 Co:8 In:8 Wi:12 Ch:10 Chaotic S:0    
Dlvl:1 $:0 HP:14(14) Pw:4(4) AC:4 Xp:1/0                                        

",-0.01,False
8,Failed to obtain a valid action from the reasoning.,"I will choose to move north.

Your CHOSEN_ACTION: move north","

Your previous output did not contain a valid action. Defaulted to action: north

Observation:
message:
It's a wall.

language observation:
stairs down very far eastsoutheast
jackal far eastsoutheast
lava near east and southeast
area of lava near eastsoutheast
horizontal wall near southeast and south
vertical wall very near southwest and west
horizontal wall adjacent north, northeast, and northwest
horn adjacent south

cursor:
Yourself a monk
(x=26, y=9)

map:
                                                                                
                                                                                
                                                                                
                                                                                
                                                                                
                                                                                
                                                                                
                        --------------                                          
                        |.@...}......---                                        
                        |.(...}........-                                        
                        |.....}..................>..|                           
                        |.....}........--------     |                           
                        |.....}.d....---                                        
                        --------------                                          
                                                                                
                                                                                
                                                                                
                                                                                
                                                                                
                                                                                
                                                                                
Agent the Candidate            St:18 Dx:17 Co:8 In:8 Wi:12 Ch:10 Chaotic S:0    
Dlvl:1 $:0 HP:14(14) Pw:4(4) AC:4 Xp:1/0                                        

",-0.01,False
9,Failed to obtain a valid action from the reasoning.,"I will choose to move north.

Your CHOSEN_ACTION: move north","

Your previous output did not contain a valid action. Defaulted to action: north

Observation:
message:
It's a wall.

language observation:
stairs down very far eastsoutheast
jackal far eastsoutheast
lava near east and southeast
area of lava near eastsoutheast
horizontal wall near southeast and south
vertical wall very near southwest and west
horizontal wall adjacent north, northeast, and northwest
horn adjacent south

cursor:
Yourself a monk
(x=26, y=9)

map:
                                                                                
                                                                                
                                                                                
                                                                                
                                                                                
                                                                                
                                                                                
                        --------------                                          
                        |.@...}......---                                        
                        |.(...}........-                                        
                        |.....}..................>..|                           
                        |.....}........--------     |                           
                        |.....}.d....---                                        
                        --------------                                          
                                                                                
                                                                                
                                                                                
                                                                                
                                                                                
                                                                                
                                                                                
Agent the Candidate            St:18 Dx:17 Co:8 In:8 Wi:12 Ch:10 Chaotic S:0    
Dlvl:1 $:0 HP:14(14) Pw:4(4) AC:4 Xp:1/0                                        

",-0.01,False
10,Failed to obtain a valid action from the reasoning.,"I will choose to move north.

Your chosen action: move north

Your current location is at (x=26, y=9). Moving north will take you to (x=25, y=9).","

Your previous output did not contain a valid action. Defaulted to action: north

Observation:
message:
It's a wall.

language observation:
stairs down very far eastsoutheast
jackal far eastsoutheast
lava near east and southeast
area of lava near eastsoutheast
horizontal wall near southeast and south
vertical wall very near southwest and west
horizontal wall adjacent north, northeast, and northwest
horn adjacent south

cursor:
Yourself a monk
(x=26, y=9)

map:
                                                                                
                                                                                
                                                                                
                                                                                
                                                                                
                                                                                
                                                                                
                        --------------                                          
                        |.@...}......---                                        
                        |.(...}........-                                        
                        |.....}..................>..|                           
                        |.....}........--------     |                           
                        |.....}.d....---                                        
                        --------------                                          
                                                                                
                                                                                
                                                                                
                                                                                
                                                                                
                                                                                
                                                                                
Agent the Candidate            St:18 Dx:17 Co:8 In:8 Wi:12 Ch:10 Chaotic S:0    
Dlvl:1 $:0 HP:14(14) Pw:4(4) AC:4 Xp:1/0                                        

",-0.01,False
11,Failed to obtain a valid action from the reasoning.,"I will choose to move north.

YOUR_CHOSEN_ACTION: move north","

Your previous output did not contain a valid action. Defaulted to action: north

Observation:
message:
It's a wall.

language observation:
stairs down very far eastsoutheast
jackal far eastsoutheast
lava near east and southeast
area of lava near eastsoutheast
horizontal wall near southeast and south
vertical wall very near southwest and west
horizontal wall adjacent north, northeast, and northwest
horn adjacent south

cursor:
Yourself a monk
(x=26, y=9)

map:
                                                                                
                                                                                
                                                                                
                                                                                
                                                                                
                                                                                
                                                                                
                        --------------                                          
                        |.@...}......---                                        
                        |.(...}........-                                        
                        |.....}..................>..|                           
                        |.....}........--------     |                           
                        |.....}.d....---                                        
                        --------------                                          
                                                                                
                                                                                
                                                                                
                                                                                
                                                                                
                                                                                
                                                                                
Agent the Candidate            St:18 Dx:17 Co:8 In:8 Wi:12 Ch:10 Chaotic S:0    
Dlvl:1 $:0 HP:14(14) Pw:4(4) AC:4 Xp:1/0                                        

",-0.01,False
12,Failed to obtain a valid action from the reasoning.,"I will think about the best course of action.

Considering the current situation, I think the best course of action is to move north. The stairs down are very far eastsoutheast, and the wall is adjacent to the stairs. Additionally, the stairs are likely to lead to a new area, and moving north will allow me to explore this new area.

So, I will choose to move north.","

Your previous output did not contain a valid action. Defaulted to action: north

Observation:
message:
It's a wall.

language observation:
stairs down very far eastsoutheast
jackal far eastsoutheast
lava near east and southeast
area of lava near eastsoutheast
horizontal wall near southeast and south
vertical wall very near southwest and west
horizontal wall adjacent north, northeast, and northwest
horn adjacent south

cursor:
Yourself a monk
(x=26, y=9)

map:
                                                                                
                                                                                
                                                                                
                                                                                
                                                                                
                                                                                
                                                                                
                        --------------                                          
                        |.@...}......---                                        
                        |.(...}........-                                        
                        |.....}..................>..|                           
                        |.....}........--------     |                           
                        |.....}.d....---                                        
                        --------------                                          
                                                                                
                                                                                
                                                                                
                                                                                
                                                                                
                                                                                
                                                                                
Agent the Candidate            St:18 Dx:17 Co:8 In:8 Wi:12 Ch:10 Chaotic S:0    
Dlvl:1 $:0 HP:14(14) Pw:4(4) AC:4 Xp:1/0                                        

",-0.01,False
13,Failed to obtain a valid action from the reasoning.,"I will think about the best course of action.

Considering the current situation, I think the best course of action is to move north. The stairs down are very far eastsoutheast, and I don't see any other options that would lead me to a safer or more beneficial location.","

Your previous output did not contain a valid action. Defaulted to action: north

Observation:
message:
It's a wall.

language observation:
stairs down very far eastsoutheast
jackal far eastsoutheast
lava near east and southeast
area of lava near eastsoutheast
horizontal wall near southeast and south
vertical wall very near southwest and west
horizontal wall adjacent north, northeast, and northwest
horn adjacent south

cursor:
Yourself a monk
(x=26, y=9)

map:
                                                                                
                                                                                
                                                                                
                                                                                
                                                                                
                                                                                
                                                                                
                        --------------                                          
                        |.@...}......---                                        
                        |.(...}........-                                        
                        |.....}..................>..|                           
                        |.....}........--------     |                           
                        |.....}.d....---                                        
                        --------------                                          
                                                                                
                                                                                
                                                                                
                                                                                
                                                                                
                                                                                
                                                                                
Agent the Candidate            St:18 Dx:17 Co:8 In:8 Wi:12 Ch:10 Chaotic S:0    
Dlvl:1 $:0 HP:14(14) Pw:4(4) AC:4 Xp:1/0                                        

",-0.01,False
14,Failed to obtain a valid action from the reasoning.,"I will think carefully about the best course of action.

After considering the situation, I think the best course of action is to move north. The stairs down are very far eastsoutheast, and I want to get closer to the stairs down. Additionally, the lava near east and southeast is a hazard, and I don't want to get caught in the lava.

So, my chosen action is:

NORTH","

Your previous output did not contain a valid action. Defaulted to action: north

Observation:
message:
It's a wall.

language observation:
stairs down very far eastsoutheast
jackal far eastsoutheast
lava near east and southeast
area of lava near eastsoutheast
horizontal wall near southeast and south
vertical wall very near southwest and west
horizontal wall adjacent north, northeast, and northwest
horn adjacent south

cursor:
Yourself a monk
(x=26, y=9)

map:
                                                                                
                                                                                
                                                                                
                                                                                
                                                                                
                                                                                
                                                                                
                        --------------                                          
                        |.@...}......---                                        
                        |.(...}........-                                        
                        |.....}..................>..|                           
                        |.....}........--------     |                           
                        |.....}.d....---                                        
                        --------------                                          
                                                                                
                                                                                
                                                                                
                                                                                
                                                                                
                                                                                
                                                                                
Agent the Candidate            St:18 Dx:17 Co:8 In:8 Wi:12 Ch:10 Chaotic S:0    
Dlvl:1 $:0 HP:14(14) Pw:4(4) AC:4 Xp:1/0                                        

",-0.01,False
15,Failed to obtain a valid action from the reasoning.,"I will think carefully about the best course of action.

After considering the situation, I think the best course of action is to move north. The stairs down are very far eastsoutheast, and I want to get closer to the stairs down. Additionally, the area around the stairs down appears to be a large, open space with no obstacles or dangers.","

Your previous output did not contain a valid action. Defaulted to action: north

Observation:
message:
It's a wall.

language observation:
stairs down very far eastsoutheast
jackal far eastsoutheast
lava near east and southeast
area of lava near eastsoutheast
horizontal wall near southeast and south
vertical wall very near southwest and west
horizontal wall adjacent north, northeast, and northwest
horn adjacent south

cursor:
Yourself a monk
(x=26, y=9)

map:
                                                                                
                                                                                
                                                                                
                                                                                
                                                                                
                                                                                
                                                                                
                        --------------                                          
                        |.@...}......---                                        
                        |.(...}........-                                        
                        |.....}..................>..|                           
                        |.....}........--------     |                           
                        |.....}.d....---                                        
                        --------------                                          
                                                                                
                                                                                
                                                                                
                                                                                
                                                                                
                                                                                
                                                                                
Agent the Candidate            St:18 Dx:17 Co:8 In:8 Wi:12 Ch:10 Chaotic S:0    
Dlvl:1 $:0 HP:14(14) Pw:4(4) AC:4 Xp:1/0                                        

",-0.01,False
16,Failed to obtain a valid action from the reasoning.,"I will choose to move north.

Your CHOSEN_ACTION: move north","

Your previous output did not contain a valid action. Defaulted to action: north

Observation:
message:
It's a wall.

language observation:
stairs down very far eastsoutheast
jackal far eastsoutheast
lava near east and southeast
area of lava near eastsoutheast
horizontal wall near southeast and south
vertical wall very near southwest and west
horizontal wall adjacent north, northeast, and northwest
horn adjacent south

cursor:
Yourself a monk
(x=26, y=9)

map:
                                                                                
                                                                                
                                                                                
                                                                                
                                                                                
                                                                                
                                                                                
                        --------------                                          
                        |.@...}......---                                        
                        |.(...}........-                                        
                        |.....}..................>..|                           
                        |.....}........--------     |                           
                        |.....}.d....---                                        
                        --------------                                          
                                                                                
                                                                                
                                                                                
                                                                                
                                                                                
                                                                                
                                                                                
Agent the Candidate            St:18 Dx:17 Co:8 In:8 Wi:12 Ch:10 Chaotic S:0    
Dlvl:1 $:0 HP:14(14) Pw:4(4) AC:4 Xp:1/0                                        

",-0.01,False
17,Failed to obtain a valid action from the reasoning.,"I will choose to move north.

Agent the Candidate            St:18 Dx:17 Co:8 In:8 Wi:12 Ch:10 Chaotic S:0    
Dlvl:1 $:0 HP:14(14) Pw:4(4) AC:4 Xp:1/0","

Your previous output did not contain a valid action. Defaulted to action: north

Observation:
message:
It's a wall.

language observation:
stairs down very far eastsoutheast
jackal far eastsoutheast
lava near east and southeast
area of lava near eastsoutheast
horizontal wall near southeast and south
vertical wall very near southwest and west
horizontal wall adjacent north, northeast, and northwest
horn adjacent south

cursor:
Yourself a monk
(x=26, y=9)

map:
                                                                                
                                                                                
                                                                                
                                                                                
                                                                                
                                                                                
                                                                                
                        --------------                                          
                        |.@...}......---                                        
                        |.(...}........-                                        
                        |.....}..................>..|                           
                        |.....}........--------     |                           
                        |.....}.d....---                                        
                        --------------                                          
                                                                                
                                                                                
                                                                                
                                                                                
                                                                                
                                                                                
                                                                                
Agent the Candidate            St:18 Dx:17 Co:8 In:8 Wi:12 Ch:10 Chaotic S:0    
Dlvl:1 $:0 HP:14(14) Pw:4(4) AC:4 Xp:1/0                                        

",-0.01,False
18,Failed to obtain a valid action from the reasoning.,Failed to obtain a valid action from the reasoning.,"

Your previous output did not contain a valid action. Defaulted to action: north

Observation:
message:
It's a wall.

language observation:
stairs down very far eastsoutheast
jackal far eastsoutheast
lava near east and southeast
area of lava near eastsoutheast
horizontal wall near southeast and south
vertical wall very near southwest and west
horizontal wall adjacent north, northeast, and northwest
horn adjacent south

cursor:
Yourself a monk
(x=26, y=9)

map:
                                                                                
                                                                                
                                                                                
                                                                                
                                                                                
                                                                                
                                                                                
                        --------------                                          
                        |.@...}......---                                        
                        |.(...}........-                                        
                        |.....}..................>..|                           
                        |.....}........--------     |                           
                        |.....}.d....---                                        
                        --------------                                          
                                                                                
                                                                                
                                                                                
                                                                                
                                                                                
                                                                                
                                                                                
Agent the Candidate            St:18 Dx:17 Co:8 In:8 Wi:12 Ch:10 Chaotic S:0    
Dlvl:1 $:0 HP:14(14) Pw:4(4) AC:4 Xp:1/0                                        

",-0.01,False
19,Failed to obtain a valid action from the reasoning.,Failed to obtain a valid action from the reasoning.,"

Your previous output did not contain a valid action. Defaulted to action: north

Observation:
message:
It's a wall.

language observation:
stairs down very far eastsoutheast
jackal far eastsoutheast
lava near east and southeast
area of lava near eastsoutheast
horizontal wall near southeast and south
vertical wall very near southwest and west
horizontal wall adjacent north, northeast, and northwest
horn adjacent south

cursor:
Yourself a monk
(x=26, y=9)

map:
                                                                                
                                                                                
                                                                                
                                                                                
                                                                                
                                                                                
                                                                                
                        --------------                                          
                        |.@...}......---                                        
                        |.(...}........-                                        
                        |.....}..................>..|                           
                        |.....}........--------     |                           
                        |.....}.d....---                                        
                        --------------                                          
                                                                                
                                                                                
                                                                                
                                                                                
                                                                                
                                                                                
                                                                                
Agent the Candidate            St:18 Dx:17 Co:8 In:8 Wi:12 Ch:10 Chaotic S:0    
Dlvl:1 $:0 HP:14(14) Pw:4(4) AC:4 Xp:1/0                                        

",-0.01,False
20,Failed to obtain a valid action from the reasoning.,"I will choose to move north.

Agent the Candidate            St:18 Dx:17 Co:8 In:8 Wi:12 Ch:10 Chaotic S:0    
Dlvl:1 $:0 HP:14(14) Pw:4(4) AC:4 Xp:1/0","

Your previous output did not contain a valid action. Defaulted to action: north

Observation:
message:
It's a wall.

language observation:
stairs down very far eastsoutheast
jackal far eastsoutheast
lava near east and southeast
area of lava near eastsoutheast
horizontal wall near southeast and south
vertical wall very near southwest and west
horizontal wall adjacent north, northeast, and northwest
horn adjacent south

cursor:
Yourself a monk
(x=26, y=9)

map:
                                                                                
                                                                                
                                                                                
                                                                                
                                                                                
                                                                                
                                                                                
                        --------------                                          
                        |.@...}......---                                        
                        |.(...}........-                                        
                        |.....}..................>..|                           
                        |.....}........--------     |                           
                        |.....}.d....---                                        
                        --------------                                          
                                                                                
                                                                                
                                                                                
                                                                                
                                                                                
                                                                                
                                                                                
Agent the Candidate            St:18 Dx:17 Co:8 In:8 Wi:12 Ch:10 Chaotic S:0    
Dlvl:1 $:0 HP:14(14) Pw:4(4) AC:4 Xp:1/0                                        

",-0.01,False
21,Failed to obtain a valid action from the reasoning.,Failed to obtain a valid action from the reasoning.,"

Your previous output did not contain a valid action. Defaulted to action: north

Observation:
message:
It's a wall.

language observation:
stairs down very far eastsoutheast
jackal far eastsoutheast
lava near east and southeast
area of lava near eastsoutheast
horizontal wall near southeast and south
vertical wall very near southwest and west
horizontal wall adjacent north, northeast, and northwest
horn adjacent south

cursor:
Yourself a monk
(x=26, y=9)

map:
                                                                                
                                                                                
                                                                                
                                                                                
                                                                                
                                                                                
                                                                                
                        --------------                                          
                        |.@...}......---                                        
                        |.(...}........-                                        
                        |.....}..................>..|                           
                        |.....}........--------     |                           
                        |.....}.d....---                                        
                        --------------                                          
                                                                                
                                                                                
                                                                                
                                                                                
                                                                                
                                                                                
                                                                                
Agent the Candidate            St:18 Dx:17 Co:8 In:8 Wi:12 Ch:10 Chaotic S:0    
Dlvl:1 $:0 HP:14(14) Pw:4(4) AC:4 Xp:1/0                                        

",-0.01,False
22,Failed to obtain a valid action from the reasoning.,Failed to obtain a valid action from the reasoning.,"

Your previous output did not contain a valid action. Defaulted to action: north

Observation:
message:
It's a wall.

language observation:
stairs down very far eastsoutheast
jackal far eastsoutheast
lava near east and southeast
area of lava near eastsoutheast
horizontal wall near southeast and south
vertical wall very near southwest and west
horizontal wall adjacent north, northeast, and northwest
horn adjacent south

cursor:
Yourself a monk
(x=26, y=9)

map:
                                                                                
                                                                                
                                                                                
                                                                                
                                                                                
                                                                                
                                                                                
                        --------------                                          
                        |.@...}......---                                        
                        |.(...}........-                                        
                        |.....}..................>..|                           
                        |.....}........--------     |                           
                        |.....}.d....---                                        
                        --------------                                          
                                                                                
                                                                                
                                                                                
                                                                                
                                                                                
                                                                                
                                                                                
Agent the Candidate            St:18 Dx:17 Co:8 In:8 Wi:12 Ch:10 Chaotic S:0    
Dlvl:1 $:0 HP:14(14) Pw:4(4) AC:4 Xp:1/0                                        

",-0.01,False
23,Failed to obtain a valid action from the reasoning.,Failed to obtain a valid action from the reasoning.,"

Your previous output did not contain a valid action. Defaulted to action: north

Observation:
message:
It's a wall.

language observation:
stairs down very far eastsoutheast
jackal far eastsoutheast
lava near east and southeast
area of lava near eastsoutheast
horizontal wall near southeast and south
vertical wall very near southwest and west
horizontal wall adjacent north, northeast, and northwest
horn adjacent south

cursor:
Yourself a monk
(x=26, y=9)

map:
                                                                                
                                                                                
                                                                                
                                                                                
                                                                                
                                                                                
                                                                                
                        --------------                                          
                        |.@...}......---                                        
                        |.(...}........-                                        
                        |.....}..................>..|                           
                        |.....}........--------     |                           
                        |.....}.d....---                                        
                        --------------                                          
                                                                                
                                                                                
                                                                                
                                                                                
                                                                                
                                                                                
                                                                                
Agent the Candidate            St:18 Dx:17 Co:8 In:8 Wi:12 Ch:10 Chaotic S:0    
Dlvl:1 $:0 HP:14(14) Pw:4(4) AC:4 Xp:1/0                                        

",-0.01,False
24,Failed to obtain a valid action from the reasoning.,Failed to obtain a valid action from the reasoning.,"

Your previous output did not contain a valid action. Defaulted to action: north

Observation:
message:
It's a wall.

language observation:
stairs down very far eastsoutheast
jackal far eastsoutheast
lava near east and southeast
area of lava near eastsoutheast
horizontal wall near southeast and south
vertical wall very near southwest and west
horizontal wall adjacent north, northeast, and northwest
horn adjacent south

cursor:
Yourself a monk
(x=26, y=9)

map:
                                                                                
                                                                                
                                                                                
                                                                                
                                                                                
                                                                                
                                                                                
                        --------------                                          
                        |.@...}......---                                        
                        |.(...}........-                                        
                        |.....}..................>..|                           
                        |.....}........--------     |                           
                        |.....}.d....---                                        
                        --------------                                          
                                                                                
                                                                                
                                                                                
                                                                                
                                                                                
                                                                                
                                                                                
Agent the Candidate            St:18 Dx:17 Co:8 In:8 Wi:12 Ch:10 Chaotic S:0    
Dlvl:1 $:0 HP:14(14) Pw:4(4) AC:4 Xp:1/0                                        

",-0.01,False
25,Failed to obtain a valid action from the reasoning.,Failed to obtain a valid action from the reasoning.,"

Your previous output did not contain a valid action. Defaulted to action: north

Observation:
message:
It's a wall.

language observation:
stairs down very far eastsoutheast
jackal far eastsoutheast
lava near east and southeast
area of lava near eastsoutheast
horizontal wall near southeast and south
vertical wall very near southwest and west
horizontal wall adjacent north, northeast, and northwest
horn adjacent south

cursor:
Yourself a monk
(x=26, y=9)

map:
                                                                                
                                                                                
                                                                                
                                                                                
                                                                                
                                                                                
                                                                                
                        --------------                                          
                        |.@...}......---                                        
                        |.(...}........-                                        
                        |.....}..................>..|                           
                        |.....}........--------     |                           
                        |.....}.d....---                                        
                        --------------                                          
                                                                                
                                                                                
                                                                                
                                                                                
                                                                                
                                                                                
                                                                                
Agent the Candidate            St:18 Dx:17 Co:8 In:8 Wi:12 Ch:10 Chaotic S:0    
Dlvl:1 $:0 HP:14(14) Pw:4(4) AC:4 Xp:1/0                                        

",-0.01,False
26,Failed to obtain a valid action from the reasoning.,Failed to obtain a valid action from the reasoning.,"

Your previous output did not contain a valid action. Defaulted to action: north

Observation:
message:
It's a wall.

language observation:
stairs down very far eastsoutheast
jackal far eastsoutheast
lava near east and southeast
area of lava near eastsoutheast
horizontal wall near southeast and south
vertical wall very near southwest and west
horizontal wall adjacent north, northeast, and northwest
horn adjacent south

cursor:
Yourself a monk
(x=26, y=9)

map:
                                                                                
                                                                                
                                                                                
                                                                                
                                                                                
                                                                                
                                                                                
                        --------------                                          
                        |.@...}......---                                        
                        |.(...}........-                                        
                        |.....}..................>..|                           
                        |.....}........--------     |                           
                        |.....}.d....---                                        
                        --------------                                          
                                                                                
                                                                                
                                                                                
                                                                                
                                                                                
                                                                                
                                                                                
Agent the Candidate            St:18 Dx:17 Co:8 In:8 Wi:12 Ch:10 Chaotic S:0    
Dlvl:1 $:0 HP:14(14) Pw:4(4) AC:4 Xp:1/0                                        

",-0.01,False
27,Failed to obtain a valid action from the reasoning.,Failed to obtain a valid action from the reasoning.,"

Your previous output did not contain a valid action. Defaulted to action: north

Observation:
message:
It's a wall.

language observation:
stairs down very far eastsoutheast
jackal far eastsoutheast
lava near east and southeast
area of lava near eastsoutheast
horizontal wall near southeast and south
vertical wall very near southwest and west
horizontal wall adjacent north, northeast, and northwest
horn adjacent south

cursor:
Yourself a monk
(x=26, y=9)

map:
                                                                                
                                                                                
                                                                                
                                                                                
                                                                                
                                                                                
                                                                                
                        --------------                                          
                        |.@...}......---                                        
                        |.(...}........-                                        
                        |.....}..................>..|                           
                        |.....}........--------     |                           
                        |.....}.d....---                                        
                        --------------                                          
                                                                                
                                                                                
                                                                                
                                                                                
                                                                                
                                                                                
                                                                                
Agent the Candidate            St:18 Dx:17 Co:8 In:8 Wi:12 Ch:10 Chaotic S:0    
Dlvl:1 $:0 HP:14(14) Pw:4(4) AC:4 Xp:1/0                                        

",-0.01,False
28,Failed to obtain a valid action from the reasoning.,"I will choose to move north.

Agent the Candidate            St:18 Dx:17 Co:8 In:8 Wi:12 Ch:10 Chaotic S:0    
Dlvl:1 $:0 HP:14(14) Pw:4(4) AC:4 Xp:1/0","

Your previous output did not contain a valid action. Defaulted to action: north

Observation:
message:
It's a wall.

language observation:
stairs down very far eastsoutheast
jackal far eastsoutheast
lava near east and southeast
area of lava near eastsoutheast
horizontal wall near southeast and south
vertical wall very near southwest and west
horizontal wall adjacent north, northeast, and northwest
horn adjacent south

cursor:
Yourself a monk
(x=26, y=9)

map:
                                                                                
                                                                                
                                                                                
                                                                                
                                                                                
                                                                                
                                                                                
                        --------------                                          
                        |.@...}......---                                        
                        |.(...}........-                                        
                        |.....}..................>..|                           
                        |.....}........--------     |                           
                        |.....}.d....---                                        
                        --------------                                          
                                                                                
                                                                                
                                                                                
                                                                                
                                                                                
                                                                                
                                                                                
Agent the Candidate            St:18 Dx:17 Co:8 In:8 Wi:12 Ch:10 Chaotic S:0    
Dlvl:1 $:0 HP:14(14) Pw:4(4) AC:4 Xp:1/0                                        

",-0.01,False
29,Failed to obtain a valid action from the reasoning.,"I will choose to move north.

Agent the Candidate            St:18 Dx:17 Co:8 In:8 Wi:12 Ch:10 Chaotic S:0    
Dlvl:1 $:0 HP:14(14) Pw:4(4) AC:4 Xp:1/0","

Your previous output did not contain a valid action. Defaulted to action: north

Observation:
message:
It's a wall.

language observation:
stairs down very far eastsoutheast
jackal far eastsoutheast
lava near east and southeast
area of lava near eastsoutheast
horizontal wall near southeast and south
vertical wall very near southwest and west
horizontal wall adjacent north, northeast, and northwest
horn adjacent south

cursor:
Yourself a monk
(x=26, y=9)

map:
                                                                                
                                                                                
                                                                                
                                                                                
                                                                                
                                                                                
                                                                                
                        --------------                                          
                        |.@...}......---                                        
                        |.(...}........-                                        
                        |.....}..................>..|                           
                        |.....}........--------     |                           
                        |.....}.d....---                                        
                        --------------                                          
                                                                                
                                                                                
                                                                                
                                                                                
                                                                                
                                                                                
                                                                                
Agent the Candidate            St:18 Dx:17 Co:8 In:8 Wi:12 Ch:10 Chaotic S:0    
Dlvl:1 $:0 HP:14(14) Pw:4(4) AC:4 Xp:1/0                                        

",-0.01,False
30,Failed to obtain a valid action from the reasoning.,Failed to obtain a valid action from the reasoning.,"

Your previous output did not contain a valid action. Defaulted to action: north

Observation:
message:
It's a wall.

language observation:
stairs down very far eastsoutheast
jackal far eastsoutheast
lava near east and southeast
area of lava near eastsoutheast
horizontal wall near southeast and south
vertical wall very near southwest and west
horizontal wall adjacent north, northeast, and northwest
horn adjacent south

cursor:
Yourself a monk
(x=26, y=9)

map:
                                                                                
                                                                                
                                                                                
                                                                                
                                                                                
                                                                                
                                                                                
                        --------------                                          
                        |.@...}......---                                        
                        |.(...}........-                                        
                        |.....}..................>..|                           
                        |.....}........--------     |                           
                        |.....}.d....---                                        
                        --------------                                          
                                                                                
                                                                                
                                                                                
                                                                                
                                                                                
                                                                                
                                                                                
Agent the Candidate            St:18 Dx:17 Co:8 In:8 Wi:12 Ch:10 Chaotic S:0    
Dlvl:1 $:0 HP:14(14) Pw:4(4) AC:4 Xp:1/0                                        

",-0.01,False
31,Failed to obtain a valid action from the reasoning.,"I will choose to move north.

Agent the Candidate            St:18 Dx:17 Co:8 In:8 Wi:12 Ch:10 Chaotic S:0    
Dlvl:1 $:0 HP:14(14) Pw:4(4) AC:4 Xp:1/0","

Your previous output did not contain a valid action. Defaulted to action: north

Observation:
message:
It's a wall.

language observation:
stairs down very far eastsoutheast
jackal far eastsoutheast
lava near east and southeast
area of lava near eastsoutheast
horizontal wall near southeast and south
vertical wall very near southwest and west
horizontal wall adjacent north, northeast, and northwest
horn adjacent south

cursor:
Yourself a monk
(x=26, y=9)

map:
                                                                                
                                                                                
                                                                                
                                                                                
                                                                                
                                                                                
                                                                                
                        --------------                                          
                        |.@...}......---                                        
                        |.(...}........-                                        
                        |.....}..................>..|                           
                        |.....}........--------     |                           
                        |.....}.d....---                                        
                        --------------                                          
                                                                                
                                                                                
                                                                                
                                                                                
                                                                                
                                                                                
                                                                                
Agent the Candidate            St:18 Dx:17 Co:8 In:8 Wi:12 Ch:10 Chaotic S:0    
Dlvl:1 $:0 HP:14(14) Pw:4(4) AC:4 Xp:1/0                                        

",-0.01,False
32,Failed to obtain a valid action from the reasoning.,Failed to obtain a valid action from the reasoning.,"

Your previous output did not contain a valid action. Defaulted to action: north

Observation:
message:
It's a wall.

language observation:
stairs down very far eastsoutheast
jackal far eastsoutheast
lava near east and southeast
area of lava near eastsoutheast
horizontal wall near southeast and south
vertical wall very near southwest and west
horizontal wall adjacent north, northeast, and northwest
horn adjacent south

cursor:
Yourself a monk
(x=26, y=9)

map:
                                                                                
                                                                                
                                                                                
                                                                                
                                                                                
                                                                                
                                                                                
                        --------------                                          
                        |.@...}......---                                        
                        |.(...}........-                                        
                        |.....}..................>..|                           
                        |.....}........--------     |                           
                        |.....}.d....---                                        
                        --------------                                          
                                                                                
                                                                                
                                                                                
                                                                                
                                                                                
                                                                                
                                                                                
Agent the Candidate            St:18 Dx:17 Co:8 In:8 Wi:12 Ch:10 Chaotic S:0    
Dlvl:1 $:0 HP:14(14) Pw:4(4) AC:4 Xp:1/0                                        

",-0.01,False
33,Failed to obtain a valid action from the reasoning.,Failed to obtain a valid action from the reasoning.,"

Your previous output did not contain a valid action. Defaulted to action: north

Observation:
message:
It's a wall.

language observation:
stairs down very far eastsoutheast
jackal far eastsoutheast
lava near east and southeast
area of lava near eastsoutheast
horizontal wall near southeast and south
vertical wall very near southwest and west
horizontal wall adjacent north, northeast, and northwest
horn adjacent south

cursor:
Yourself a monk
(x=26, y=9)

map:
                                                                                
                                                                                
                                                                                
                                                                                
                                                                                
                                                                                
                                                                                
                        --------------                                          
                        |.@...}......---                                        
                        |.(...}........-                                        
                        |.....}..................>..|                           
                        |.....}........--------     |                           
                        |.....}.d....---                                        
                        --------------                                          
                                                                                
                                                                                
                                                                                
                                                                                
                                                                                
                                                                                
                                                                                
Agent the Candidate            St:18 Dx:17 Co:8 In:8 Wi:12 Ch:10 Chaotic S:0    
Dlvl:1 $:0 HP:14(14) Pw:4(4) AC:4 Xp:1/0                                        

",-0.01,False
34,Failed to obtain a valid action from the reasoning.,Failed to obtain a valid action from the reasoning.,"

Your previous output did not contain a valid action. Defaulted to action: north

Observation:
message:
It's a wall.

language observation:
stairs down very far eastsoutheast
jackal far eastsoutheast
lava near east and southeast
area of lava near eastsoutheast
horizontal wall near southeast and south
vertical wall very near southwest and west
horizontal wall adjacent north, northeast, and northwest
horn adjacent south

cursor:
Yourself a monk
(x=26, y=9)

map:
                                                                                
                                                                                
                                                                                
                                                                                
                                                                                
                                                                                
                                                                                
                        --------------                                          
                        |.@...}......---                                        
                        |.(...}........-                                        
                        |.....}..................>..|                           
                        |.....}........--------     |                           
                        |.....}.d....---                                        
                        --------------                                          
                                                                                
                                                                                
                                                                                
                                                                                
                                                                                
                                                                                
                                                                                
Agent the Candidate            St:18 Dx:17 Co:8 In:8 Wi:12 Ch:10 Chaotic S:0    
Dlvl:1 $:0 HP:14(14) Pw:4(4) AC:4 Xp:1/0                                        

",-0.01,False
35,Failed to obtain a valid action from the reasoning.,"I will choose to move north.

Agent the Candidate            St:18 Dx:17 Co:8 In:8 Wi:12 Ch:10 Chaotic S:0    
Dlvl:1 $:0 HP:14(14) Pw:4(4) AC:4 Xp:1/0","

Your previous output did not contain a valid action. Defaulted to action: north

Observation:
message:
It's a wall.

language observation:
stairs down very far eastsoutheast
jackal far eastsoutheast
lava near east and southeast
area of lava near eastsoutheast
horizontal wall near southeast and south
vertical wall very near southwest and west
horizontal wall adjacent north, northeast, and northwest
horn adjacent south

cursor:
Yourself a monk
(x=26, y=9)

map:
                                                                                
                                                                                
                                                                                
                                                                                
                                                                                
                                                                                
                                                                                
                        --------------                                          
                        |.@...}......---                                        
                        |.(...}........-                                        
                        |.....}..................>..|                           
                        |.....}........--------     |                           
                        |.....}.d....---                                        
                        --------------                                          
                                                                                
                                                                                
                                                                                
                                                                                
                                                                                
                                                                                
                                                                                
Agent the Candidate            St:18 Dx:17 Co:8 In:8 Wi:12 Ch:10 Chaotic S:0    
Dlvl:1 $:0 HP:14(14) Pw:4(4) AC:4 Xp:1/0                                        

",-0.01,False
36,Failed to obtain a valid action from the reasoning.,Failed to obtain a valid action from the reasoning.,"

Your previous output did not contain a valid action. Defaulted to action: north

Observation:
message:
It's a wall.

language observation:
stairs down very far eastsoutheast
jackal far eastsoutheast
lava near east and southeast
area of lava near eastsoutheast
horizontal wall near southeast and south
vertical wall very near southwest and west
horizontal wall adjacent north, northeast, and northwest
horn adjacent south

cursor:
Yourself a monk
(x=26, y=9)

map:
                                                                                
                                                                                
                                                                                
                                                                                
                                                                                
                                                                                
                                                                                
                        --------------                                          
                        |.@...}......---                                        
                        |.(...}........-                                        
                        |.....}..................>..|                           
                        |.....}........--------     |                           
                        |.....}.d....---                                        
                        --------------                                          
                                                                                
                                                                                
                                                                                
                                                                                
                                                                                
                                                                                
                                                                                
Agent the Candidate            St:18 Dx:17 Co:8 In:8 Wi:12 Ch:10 Chaotic S:0    
Dlvl:1 $:0 HP:14(14) Pw:4(4) AC:4 Xp:1/0                                        

",-0.01,False
37,Failed to obtain a valid action from the reasoning.,Failed to obtain a valid action from the reasoning.,"

Your previous output did not contain a valid action. Defaulted to action: north

Observation:
message:
It's a wall.

language observation:
stairs down very far eastsoutheast
jackal far eastsoutheast
lava near east and southeast
area of lava near eastsoutheast
horizontal wall near southeast and south
vertical wall very near southwest and west
horizontal wall adjacent north, northeast, and northwest
horn adjacent south

cursor:
Yourself a monk
(x=26, y=9)

map:
                                                                                
                                                                                
                                                                                
                                                                                
                                                                                
                                                                                
                                                                                
                        --------------                                          
                        |.@...}......---                                        
                        |.(...}........-                                        
                        |.....}..................>..|                           
                        |.....}........--------     |                           
                        |.....}.d....---                                        
                        --------------                                          
                                                                                
                                                                                
                                                                                
                                                                                
                                                                                
                                                                                
                                                                                
Agent the Candidate            St:18 Dx:17 Co:8 In:8 Wi:12 Ch:10 Chaotic S:0    
Dlvl:1 $:0 HP:14(14) Pw:4(4) AC:4 Xp:1/0                                        

",-0.01,False
38,Failed to obtain a valid action from the reasoning.,"I will choose to move north.

Agent the Candidate            St:18 Dx:17 Co:8 In:8 Wi:12 Ch:10 Chaotic S:0    
Dlvl:1 $:0 HP:14(14) Pw:4(4) AC:4 Xp:1/0","

Your previous output did not contain a valid action. Defaulted to action: north

Observation:
message:
It's a wall.

language observation:
stairs down very far eastsoutheast
jackal far eastsoutheast
lava near east and southeast
area of lava near eastsoutheast
horizontal wall near southeast and south
vertical wall very near southwest and west
horizontal wall adjacent north, northeast, and northwest
horn adjacent south

cursor:
Yourself a monk
(x=26, y=9)

map:
                                                                                
                                                                                
                                                                                
                                                                                
                                                                                
                                                                                
                                                                                
                        --------------                                          
                        |.@...}......---                                        
                        |.(...}........-                                        
                        |.....}..................>..|                           
                        |.....}........--------     |                           
                        |.....}.d....---                                        
                        --------------                                          
                                                                                
                                                                                
                                                                                
                                                                                
                                                                                
                                                                                
                                                                                
Agent the Candidate            St:18 Dx:17 Co:8 In:8 Wi:12 Ch:10 Chaotic S:0    
Dlvl:1 $:0 HP:14(14) Pw:4(4) AC:4 Xp:1/0                                        

",-0.01,False
39,Failed to obtain a valid action from the reasoning.,Failed to obtain a valid action from the reasoning.,"

Your previous output did not contain a valid action. Defaulted to action: north

Observation:
message:
It's a wall.

language observation:
stairs down very far eastsoutheast
jackal far eastsoutheast
lava near east and southeast
area of lava near eastsoutheast
horizontal wall near southeast and south
vertical wall very near southwest and west
horizontal wall adjacent north, northeast, and northwest
horn adjacent south

cursor:
Yourself a monk
(x=26, y=9)

map:
                                                                                
                                                                                
                                                                                
                                                                                
                                                                                
                                                                                
                                                                                
                        --------------                                          
                        |.@...}......---                                        
                        |.(...}........-                                        
                        |.....}..................>..|                           
                        |.....}........--------     |                           
                        |.....}.d....---                                        
                        --------------                                          
                                                                                
                                                                                
                                                                                
                                                                                
                                                                                
                                                                                
                                                                                
Agent the Candidate            St:18 Dx:17 Co:8 In:8 Wi:12 Ch:10 Chaotic S:0    
Dlvl:1 $:0 HP:14(14) Pw:4(4) AC:4 Xp:1/0                                        

",-0.01,False
40,Failed to obtain a valid action from the reasoning.,"I will choose to move north.

Agent the Candidate            St:18 Dx:17 Co:8 In:8 Wi:12 Ch:10 Chaotic S:0    
Dlvl:1 $:0 HP:14(14) Pw:4(4) AC:4 Xp:1/0","

Your previous output did not contain a valid action. Defaulted to action: north

Observation:
message:
It's a wall.

language observation:
stairs down very far eastsoutheast
jackal far eastsoutheast
lava near east and southeast
area of lava near eastsoutheast
horizontal wall near southeast and south
vertical wall very near southwest and west
horizontal wall adjacent north, northeast, and northwest
horn adjacent south

cursor:
Yourself a monk
(x=26, y=9)

map:
                                                                                
                                                                                
                                                                                
                                                                                
                                                                                
                                                                                
                                                                                
                        --------------                                          
                        |.@...}......---                                        
                        |.(...}........-                                        
                        |.....}..................>..|                           
                        |.....}........--------     |                           
                        |.....}.d....---                                        
                        --------------                                          
                                                                                
                                                                                
                                                                                
                                                                                
                                                                                
                                                                                
                                                                                
Agent the Candidate            St:18 Dx:17 Co:8 In:8 Wi:12 Ch:10 Chaotic S:0    
Dlvl:1 $:0 HP:14(14) Pw:4(4) AC:4 Xp:1/0                                        

",-0.01,False
41,Failed to obtain a valid action from the reasoning.,"I will choose to move north.

Agent the Candidate            St:18 Dx:17 Co:8 In:8 Wi:12 Ch:10 Chaotic S:0    
Dlvl:1 $:0 HP:14(14) Pw:4(4) AC:4 Xp:1/0","

Your previous output did not contain a valid action. Defaulted to action: north

Observation:
message:
It's a wall.

language observation:
stairs down very far eastsoutheast
jackal far eastsoutheast
lava near east and southeast
area of lava near eastsoutheast
horizontal wall near southeast and south
vertical wall very near southwest and west
horizontal wall adjacent north, northeast, and northwest
horn adjacent south

cursor:
Yourself a monk
(x=26, y=9)

map:
                                                                                
                                                                                
                                                                                
                                                                                
                                                                                
                                                                                
                                                                                
                        --------------                                          
                        |.@...}......---                                        
                        |.(...}........-                                        
                        |.....}..................>..|                           
                        |.....}........--------     |                           
                        |.....}.d....---                                        
                        --------------                                          
                                                                                
                                                                                
                                                                                
                                                                                
                                                                                
                                                                                
                                                                                
Agent the Candidate            St:18 Dx:17 Co:8 In:8 Wi:12 Ch:10 Chaotic S:0    
Dlvl:1 $:0 HP:14(14) Pw:4(4) AC:4 Xp:1/0                                        

",-0.01,False
42,Failed to obtain a valid action from the reasoning.,Failed to obtain a valid action from the reasoning.,"

Your previous output did not contain a valid action. Defaulted to action: north

Observation:
message:
It's a wall.

language observation:
stairs down very far eastsoutheast
jackal far eastsoutheast
lava near east and southeast
area of lava near eastsoutheast
horizontal wall near southeast and south
vertical wall very near southwest and west
horizontal wall adjacent north, northeast, and northwest
horn adjacent south

cursor:
Yourself a monk
(x=26, y=9)

map:
                                                                                
                                                                                
                                                                                
                                                                                
                                                                                
                                                                                
                                                                                
                        --------------                                          
                        |.@...}......---                                        
                        |.(...}........-                                        
                        |.....}..................>..|                           
                        |.....}........--------     |                           
                        |.....}.d....---                                        
                        --------------                                          
                                                                                
                                                                                
                                                                                
                                                                                
                                                                                
                                                                                
                                                                                
Agent the Candidate            St:18 Dx:17 Co:8 In:8 Wi:12 Ch:10 Chaotic S:0    
Dlvl:1 $:0 HP:14(14) Pw:4(4) AC:4 Xp:1/0                                        

",-0.01,False
43,Failed to obtain a valid action from the reasoning.,"I will choose to move north.

Agent the Candidate            St:18 Dx:17 Co:8 In:8 Wi:12 Ch:10 Chaotic S:0    
Dlvl:1 $:0 HP:14(14) Pw:4(4) AC:4 Xp:1/0","

Your previous output did not contain a valid action. Defaulted to action: north

Observation:
message:
It's a wall.

language observation:
stairs down very far eastsoutheast
jackal far eastsoutheast
lava near east and southeast
area of lava near eastsoutheast
horizontal wall near southeast and south
vertical wall very near southwest and west
horizontal wall adjacent north, northeast, and northwest
horn adjacent south

cursor:
Yourself a monk
(x=26, y=9)

map:
                                                                                
                                                                                
                                                                                
                                                                                
                                                                                
                                                                                
                                                                                
                        --------------                                          
                        |.@...}......---                                        
                        |.(...}........-                                        
                        |.....}..................>..|                           
                        |.....}........--------     |                           
                        |.....}.d....---                                        
                        --------------                                          
                                                                                
                                                                                
                                                                                
                                                                                
                                                                                
                                                                                
                                                                                
Agent the Candidate            St:18 Dx:17 Co:8 In:8 Wi:12 Ch:10 Chaotic S:0    
Dlvl:1 $:0 HP:14(14) Pw:4(4) AC:4 Xp:1/0                                        

",-0.01,False
44,Failed to obtain a valid action from the reasoning.,"I will choose to move north.

Agent the Candidate            St:18 Dx:17 Co:8 In:8 Wi:12 Ch:10 Chaotic S:0    
Dlvl:1 $:0 HP:14(14) Pw:4(4) AC:4 Xp:1/0","

Your previous output did not contain a valid action. Defaulted to action: north

Observation:
message:
It's a wall.

language observation:
stairs down very far eastsoutheast
jackal far eastsoutheast
lava near east and southeast
area of lava near eastsoutheast
horizontal wall near southeast and south
vertical wall very near southwest and west
horizontal wall adjacent north, northeast, and northwest
horn adjacent south

cursor:
Yourself a monk
(x=26, y=9)

map:
                                                                                
                                                                                
                                                                                
                                                                                
                                                                                
                                                                                
                                                                                
                        --------------                                          
                        |.@...}......---                                        
                        |.(...}........-                                        
                        |.....}..................>..|                           
                        |.....}........--------     |                           
                        |.....}.d....---                                        
                        --------------                                          
                                                                                
                                                                                
                                                                                
                                                                                
                                                                                
                                                                                
                                                                                
Agent the Candidate            St:18 Dx:17 Co:8 In:8 Wi:12 Ch:10 Chaotic S:0    
Dlvl:1 $:0 HP:14(14) Pw:4(4) AC:4 Xp:1/0                                        

",-0.01,False
45,Failed to obtain a valid action from the reasoning.,"I will choose to move north.

Agent the Candidate            St:18 Dx:17 Co:8 In:8 Wi:12 Ch:10 Chaotic S:0    
Dlvl:1 $:0 HP:14(14) Pw:4(4) AC:4 Xp:1/0","

Your previous output did not contain a valid action. Defaulted to action: north

Observation:
message:
It's a wall.

language observation:
stairs down very far eastsoutheast
jackal far eastsoutheast
lava near east and southeast
area of lava near eastsoutheast
horizontal wall near southeast and south
vertical wall very near southwest and west
horizontal wall adjacent north, northeast, and northwest
horn adjacent south

cursor:
Yourself a monk
(x=26, y=9)

map:
                                                                                
                                                                                
                                                                                
                                                                                
                                                                                
                                                                                
                                                                                
                        --------------                                          
                        |.@...}......---                                        
                        |.(...}........-                                        
                        |.....}..................>..|                           
                        |.....}........--------     |                           
                        |.....}.d....---                                        
                        --------------                                          
                                                                                
                                                                                
                                                                                
                                                                                
                                                                                
                                                                                
                                                                                
Agent the Candidate            St:18 Dx:17 Co:8 In:8 Wi:12 Ch:10 Chaotic S:0    
Dlvl:1 $:0 HP:14(14) Pw:4(4) AC:4 Xp:1/0                                        

",-0.01,False
46,Failed to obtain a valid action from the reasoning.,"I will choose to move north.

Agent the Candidate            St:18 Dx:17 Co:8 In:8 Wi:12 Ch:10 Chaotic S:0    
Dlvl:1 $:0 HP:14(14) Pw:4(4) AC:4 Xp:1/0","

Your previous output did not contain a valid action. Defaulted to action: north

Observation:
message:
It's a wall.

language observation:
stairs down very far eastsoutheast
jackal far eastsoutheast
lava near east and southeast
area of lava near eastsoutheast
horizontal wall near southeast and south
vertical wall very near southwest and west
horizontal wall adjacent north, northeast, and northwest
horn adjacent south

cursor:
Yourself a monk
(x=26, y=9)

map:
                                                                                
                                                                                
                                                                                
                                                                                
                                                                                
                                                                                
                                                                                
                        --------------                                          
                        |.@...}......---                                        
                        |.(...}........-                                        
                        |.....}..................>..|                           
                        |.....}........--------     |                           
                        |.....}.d....---                                        
                        --------------                                          
                                                                                
                                                                                
                                                                                
                                                                                
                                                                                
                                                                                
                                                                                
Agent the Candidate            St:18 Dx:17 Co:8 In:8 Wi:12 Ch:10 Chaotic S:0    
Dlvl:1 $:0 HP:14(14) Pw:4(4) AC:4 Xp:1/0                                        

",-0.01,False
47,Failed to obtain a valid action from the reasoning.,"I will choose to move north.

Agent the Candidate            St:18 Dx:17 Co:8 In:8 Wi:12 Ch:10 Chaotic S:0    
Dlvl:1 $:0 HP:14(14) Pw:4(4) AC:4 Xp:1/0","

Your previous output did not contain a valid action. Defaulted to action: north

Observation:
message:
It's a wall.

language observation:
stairs down very far eastsoutheast
jackal far eastsoutheast
lava near east and southeast
area of lava near eastsoutheast
horizontal wall near southeast and south
vertical wall very near southwest and west
horizontal wall adjacent north, northeast, and northwest
horn adjacent south

cursor:
Yourself a monk
(x=26, y=9)

map:
                                                                                
                                                                                
                                                                                
                                                                                
                                                                                
                                                                                
                                                                                
                        --------------                                          
                        |.@...}......---                                        
                        |.(...}........-                                        
                        |.....}..................>..|                           
                        |.....}........--------     |                           
                        |.....}.d....---                                        
                        --------------                                          
                                                                                
                                                                                
                                                                                
                                                                                
                                                                                
                                                                                
                                                                                
Agent the Candidate            St:18 Dx:17 Co:8 In:8 Wi:12 Ch:10 Chaotic S:0    
Dlvl:1 $:0 HP:14(14) Pw:4(4) AC:4 Xp:1/0                                        

",-0.01,False
48,Failed to obtain a valid action from the reasoning.,Failed to obtain a valid action from the reasoning.,"

Your previous output did not contain a valid action. Defaulted to action: north

Observation:
message:
It's a wall.

language observation:
stairs down very far eastsoutheast
jackal far eastsoutheast
lava near east and southeast
area of lava near eastsoutheast
horizontal wall near southeast and south
vertical wall very near southwest and west
horizontal wall adjacent north, northeast, and northwest
horn adjacent south

cursor:
Yourself a monk
(x=26, y=9)

map:
                                                                                
                                                                                
                                                                                
                                                                                
                                                                                
                                                                                
                                                                                
                        --------------                                          
                        |.@...}......---                                        
                        |.(...}........-                                        
                        |.....}..................>..|                           
                        |.....}........--------     |                           
                        |.....}.d....---                                        
                        --------------                                          
                                                                                
                                                                                
                                                                                
                                                                                
                                                                                
                                                                                
                                                                                
Agent the Candidate            St:18 Dx:17 Co:8 In:8 Wi:12 Ch:10 Chaotic S:0    
Dlvl:1 $:0 HP:14(14) Pw:4(4) AC:4 Xp:1/0                                        

",-0.01,False
49,Failed to obtain a valid action from the reasoning.,"I will choose to move north.

Agent the Candidate            St:18 Dx:17 Co:8 In:8 Wi:12 Ch:10 Chaotic S:0    
Dlvl:1 $:0 HP:14(14) Pw:4(4) AC:4 Xp:1/0","

Your previous output did not contain a valid action. Defaulted to action: north

Observation:
message:
It's a wall.

language observation:
stairs down very far eastsoutheast
jackal far eastsoutheast
lava near east and southeast
area of lava near eastsoutheast
horizontal wall near southeast and south
vertical wall very near southwest and west
horizontal wall adjacent north, northeast, and northwest
horn adjacent south

cursor:
Yourself a monk
(x=26, y=9)

map:
                                                                                
                                                                                
                                                                                
                                                                                
                                                                                
                                                                                
                                                                                
                        --------------                                          
                        |.@...}......---                                        
                        |.(...}........-                                        
                        |.....}..................>..|                           
                        |.....}........--------     |                           
                        |.....}.d....---                                        
                        --------------                                          
                                                                                
                                                                                
                                                                                
                                                                                
                                                                                
                                                                                
                                                                                
Agent the Candidate            St:18 Dx:17 Co:8 In:8 Wi:12 Ch:10 Chaotic S:0    
Dlvl:1 $:0 HP:14(14) Pw:4(4) AC:4 Xp:1/0                                        

",-0.01,False
50,Failed to obtain a valid action from the reasoning.,Failed to obtain a valid action from the reasoning.,"

Your previous output did not contain a valid action. Defaulted to action: north

Observation:
message:
It's a wall.

language observation:
stairs down very far eastsoutheast
jackal far eastsoutheast
lava near east and southeast
area of lava near eastsoutheast
horizontal wall near southeast and south
vertical wall very near southwest and west
horizontal wall adjacent north, northeast, and northwest
horn adjacent south

cursor:
Yourself a monk
(x=26, y=9)

map:
                                                                                
                                                                                
                                                                                
                                                                                
                                                                                
                                                                                
                                                                                
                        --------------                                          
                        |.@...}......---                                        
                        |.(...}........-                                        
                        |.....}..................>..|                           
                        |.....}........--------     |                           
                        |.....}.d....---                                        
                        --------------                                          
                                                                                
                                                                                
                                                                                
                                                                                
                                                                                
                                                                                
                                                                                
Agent the Candidate            St:18 Dx:17 Co:8 In:8 Wi:12 Ch:10 Chaotic S:0    
Dlvl:1 $:0 HP:14(14) Pw:4(4) AC:4 Xp:1/0                                        

",-0.01,False
51,Failed to obtain a valid action from the reasoning.,"I will choose to move north.

Agent the Candidate            St:18 Dx:17 Co:8 In:8 Wi:12 Ch:10 Chaotic S:0    
Dlvl:1 $:0 HP:14(14) Pw:4(4) AC:4 Xp:1/0","

Your previous output did not contain a valid action. Defaulted to action: north

Observation:
message:
It's a wall.

language observation:
stairs down very far eastsoutheast
jackal far eastsoutheast
lava near east and southeast
area of lava near eastsoutheast
horizontal wall near southeast and south
vertical wall very near southwest and west
horizontal wall adjacent north, northeast, and northwest
horn adjacent south

cursor:
Yourself a monk
(x=26, y=9)

map:
                                                                                
                                                                                
                                                                                
                                                                                
                                                                                
                                                                                
                                                                                
                        --------------                                          
                        |.@...}......---                                        
                        |.(...}........-                                        
                        |.....}..................>..|                           
                        |.....}........--------     |                           
                        |.....}.d....---                                        
                        --------------                                          
                                                                                
                                                                                
                                                                                
                                                                                
                                                                                
                                                                                
                                                                                
Agent the Candidate            St:18 Dx:17 Co:8 In:8 Wi:12 Ch:10 Chaotic S:0    
Dlvl:1 $:0 HP:14(14) Pw:4(4) AC:4 Xp:1/0                                        

",-0.01,False
52,Failed to obtain a valid action from the reasoning.,"I will choose to move north.

Agent the Candidate            St:18 Dx:17 Co:8 In:8 Wi:12 Ch:10 Chaotic S:0    
Dlvl:1 $:0 HP:14(14) Pw:4(4) AC:4 Xp:1/0","

Your previous output did not contain a valid action. Defaulted to action: north

Observation:
message:
It's a wall.

language observation:
stairs down very far eastsoutheast
jackal far eastsoutheast
lava near east and southeast
area of lava near eastsoutheast
horizontal wall near southeast and south
vertical wall very near southwest and west
horizontal wall adjacent north, northeast, and northwest
horn adjacent south

cursor:
Yourself a monk
(x=26, y=9)

map:
                                                                                
                                                                                
                                                                                
                                                                                
                                                                                
                                                                                
                                                                                
                        --------------                                          
                        |.@...}......---                                        
                        |.(...}........-                                        
                        |.....}..................>..|                           
                        |.....}........--------     |                           
                        |.....}.d....---                                        
                        --------------                                          
                                                                                
                                                                                
                                                                                
                                                                                
                                                                                
                                                                                
                                                                                
Agent the Candidate            St:18 Dx:17 Co:8 In:8 Wi:12 Ch:10 Chaotic S:0    
Dlvl:1 $:0 HP:14(14) Pw:4(4) AC:4 Xp:1/0                                        

",-0.01,False
53,Failed to obtain a valid action from the reasoning.,Failed to obtain a valid action from the reasoning.,"

Your previous output did not contain a valid action. Defaulted to action: north

Observation:
message:
It's a wall.

language observation:
stairs down very far eastsoutheast
jackal far eastsoutheast
lava near east and southeast
area of lava near eastsoutheast
horizontal wall near southeast and south
vertical wall very near southwest and west
horizontal wall adjacent north, northeast, and northwest
horn adjacent south

cursor:
Yourself a monk
(x=26, y=9)

map:
                                                                                
                                                                                
                                                                                
                                                                                
                                                                                
                                                                                
                                                                                
                        --------------                                          
                        |.@...}......---                                        
                        |.(...}........-                                        
                        |.....}..................>..|                           
                        |.....}........--------     |                           
                        |.....}.d....---                                        
                        --------------                                          
                                                                                
                                                                                
                                                                                
                                                                                
                                                                                
                                                                                
                                                                                
Agent the Candidate            St:18 Dx:17 Co:8 In:8 Wi:12 Ch:10 Chaotic S:0    
Dlvl:1 $:0 HP:14(14) Pw:4(4) AC:4 Xp:1/0                                        

",-0.01,False
54,Failed to obtain a valid action from the reasoning.,"I will choose to move north.

Agent the Candidate            St:18 Dx:17 Co:8 In:8 Wi:12 Ch:10 Chaotic S:0    
Dlvl:1 $:0 HP:14(14) Pw:4(4) AC:4 Xp:1/0","

Your previous output did not contain a valid action. Defaulted to action: north

Observation:
message:
It's a wall.

language observation:
stairs down very far eastsoutheast
jackal far eastsoutheast
lava near east and southeast
area of lava near eastsoutheast
horizontal wall near southeast and south
vertical wall very near southwest and west
horizontal wall adjacent north, northeast, and northwest
horn adjacent south

cursor:
Yourself a monk
(x=26, y=9)

map:
                                                                                
                                                                                
                                                                                
                                                                                
                                                                                
                                                                                
                                                                                
                        --------------                                          
                        |.@...}......---                                        
                        |.(...}........-                                        
                        |.....}..................>..|                           
                        |.....}........--------     |                           
                        |.....}.d....---                                        
                        --------------                                          
                                                                                
                                                                                
                                                                                
                                                                                
                                                                                
                                                                                
                                                                                
Agent the Candidate            St:18 Dx:17 Co:8 In:8 Wi:12 Ch:10 Chaotic S:0    
Dlvl:1 $:0 HP:14(14) Pw:4(4) AC:4 Xp:1/0                                        

",-0.01,False
55,Failed to obtain a valid action from the reasoning.,"I will choose to move north.

Agent the Candidate            St:18 Dx:17 Co:8 In:8 Wi:12 Ch:10 Chaotic S:0    
Dlvl:1 $:0 HP:14(14) Pw:4(4) AC:4 Xp:1/0","

Your previous output did not contain a valid action. Defaulted to action: north

Observation:
message:
It's a wall.

language observation:
stairs down very far eastsoutheast
jackal far eastsoutheast
lava near east and southeast
area of lava near eastsoutheast
horizontal wall near southeast and south
vertical wall very near southwest and west
horizontal wall adjacent north, northeast, and northwest
horn adjacent south

cursor:
Yourself a monk
(x=26, y=9)

map:
                                                                                
                                                                                
                                                                                
                                                                                
                                                                                
                                                                                
                                                                                
                        --------------                                          
                        |.@...}......---                                        
                        |.(...}........-                                        
                        |.....}..................>..|                           
                        |.....}........--------     |                           
                        |.....}.d....---                                        
                        --------------                                          
                                                                                
                                                                                
                                                                                
                                                                                
                                                                                
                                                                                
                                                                                
Agent the Candidate            St:18 Dx:17 Co:8 In:8 Wi:12 Ch:10 Chaotic S:0    
Dlvl:1 $:0 HP:14(14) Pw:4(4) AC:4 Xp:1/0                                        

",-0.01,False
56,Failed to obtain a valid action from the reasoning.,"I will choose to move north.

Agent the Candidate            St:18 Dx:17 Co:8 In:8 Wi:12 Ch:10 Chaotic S:0    
Dlvl:1 $:0 HP:14(14) Pw:4(4) AC:4 Xp:1/0","

Your previous output did not contain a valid action. Defaulted to action: north

Observation:
message:
It's a wall.

language observation:
stairs down very far eastsoutheast
jackal far eastsoutheast
lava near east and southeast
area of lava near eastsoutheast
horizontal wall near southeast and south
vertical wall very near southwest and west
horizontal wall adjacent north, northeast, and northwest
horn adjacent south

cursor:
Yourself a monk
(x=26, y=9)

map:
                                                                                
                                                                                
                                                                                
                                                                                
                                                                                
                                                                                
                                                                                
                        --------------                                          
                        |.@...}......---                                        
                        |.(...}........-                                        
                        |.....}..................>..|                           
                        |.....}........--------     |                           
                        |.....}.d....---                                        
                        --------------                                          
                                                                                
                                                                                
                                                                                
                                                                                
                                                                                
                                                                                
                                                                                
Agent the Candidate            St:18 Dx:17 Co:8 In:8 Wi:12 Ch:10 Chaotic S:0    
Dlvl:1 $:0 HP:14(14) Pw:4(4) AC:4 Xp:1/0                                        

",-0.01,False
57,Failed to obtain a valid action from the reasoning.,"I will choose to move north.

Agent the Candidate            St:18 Dx:17 Co:8 In:8 Wi:12 Ch:10 Chaotic S:0    
Dlvl:1 $:0 HP:14(14) Pw:4(4) AC:4 Xp:1/0","

Your previous output did not contain a valid action. Defaulted to action: north

Observation:
message:
It's a wall.

language observation:
stairs down very far eastsoutheast
jackal far eastsoutheast
lava near east and southeast
area of lava near eastsoutheast
horizontal wall near southeast and south
vertical wall very near southwest and west
horizontal wall adjacent north, northeast, and northwest
horn adjacent south

cursor:
Yourself a monk
(x=26, y=9)

map:
                                                                                
                                                                                
                                                                                
                                                                                
                                                                                
                                                                                
                                                                                
                        --------------                                          
                        |.@...}......---                                        
                        |.(...}........-                                        
                        |.....}..................>..|                           
                        |.....}........--------     |                           
                        |.....}.d....---                                        
                        --------------                                          
                                                                                
                                                                                
                                                                                
                                                                                
                                                                                
                                                                                
                                                                                
Agent the Candidate            St:18 Dx:17 Co:8 In:8 Wi:12 Ch:10 Chaotic S:0    
Dlvl:1 $:0 HP:14(14) Pw:4(4) AC:4 Xp:1/0                                        

",-0.01,False
58,Failed to obtain a valid action from the reasoning.,"I will choose to move north.

Agent the Candidate            St:18 Dx:17 Co:8 In:8 Wi:12 Ch:10 Chaotic S:0    
Dlvl:1 $:0 HP:14(14) Pw:4(4) AC:4 Xp:1/0","

Your previous output did not contain a valid action. Defaulted to action: north

Observation:
message:
It's a wall.

language observation:
stairs down very far eastsoutheast
jackal far eastsoutheast
lava near east and southeast
area of lava near eastsoutheast
horizontal wall near southeast and south
vertical wall very near southwest and west
horizontal wall adjacent north, northeast, and northwest
horn adjacent south

cursor:
Yourself a monk
(x=26, y=9)

map:
                                                                                
                                                                                
                                                                                
                                                                                
                                                                                
                                                                                
                                                                                
                        --------------                                          
                        |.@...}......---                                        
                        |.(...}........-                                        
                        |.....}..................>..|                           
                        |.....}........--------     |                           
                        |.....}.d....---                                        
                        --------------                                          
                                                                                
                                                                                
                                                                                
                                                                                
                                                                                
                                                                                
                                                                                
Agent the Candidate            St:18 Dx:17 Co:8 In:8 Wi:12 Ch:10 Chaotic S:0    
Dlvl:1 $:0 HP:14(14) Pw:4(4) AC:4 Xp:1/0                                        

",-0.01,False
59,Failed to obtain a valid action from the reasoning.,"I will choose to move north.

Agent the Candidate            St:18 Dx:17 Co:8 In:8 Wi:12 Ch:10 Chaotic S:0    
Dlvl:1 $:0 HP:14(14) Pw:4(4) AC:4 Xp:1/0","

Your previous output did not contain a valid action. Defaulted to action: north

Observation:
message:
It's a wall.

language observation:
stairs down very far eastsoutheast
jackal far eastsoutheast
lava near east and southeast
area of lava near eastsoutheast
horizontal wall near southeast and south
vertical wall very near southwest and west
horizontal wall adjacent north, northeast, and northwest
horn adjacent south

cursor:
Yourself a monk
(x=26, y=9)

map:
                                                                                
                                                                                
                                                                                
                                                                                
                                                                                
                                                                                
                                                                                
                        --------------                                          
                        |.@...}......---                                        
                        |.(...}........-                                        
                        |.....}..................>..|                           
                        |.....}........--------     |                           
                        |.....}.d....---                                        
                        --------------                                          
                                                                                
                                                                                
                                                                                
                                                                                
                                                                                
                                                                                
                                                                                
Agent the Candidate            St:18 Dx:17 Co:8 In:8 Wi:12 Ch:10 Chaotic S:0    
Dlvl:1 $:0 HP:14(14) Pw:4(4) AC:4 Xp:1/0                                        

",-0.01,False
60,Failed to obtain a valid action from the reasoning.,Failed to obtain a valid action from the reasoning.,"

Your previous output did not contain a valid action. Defaulted to action: north

Observation:
message:
It's a wall.

language observation:
stairs down very far eastsoutheast
jackal far eastsoutheast
lava near east and southeast
area of lava near eastsoutheast
horizontal wall near southeast and south
vertical wall very near southwest and west
horizontal wall adjacent north, northeast, and northwest
horn adjacent south

cursor:
Yourself a monk
(x=26, y=9)

map:
                                                                                
                                                                                
                                                                                
                                                                                
                                                                                
                                                                                
                                                                                
                        --------------                                          
                        |.@...}......---                                        
                        |.(...}........-                                        
                        |.....}..................>..|                           
                        |.....}........--------     |                           
                        |.....}.d....---                                        
                        --------------                                          
                                                                                
                                                                                
                                                                                
                                                                                
                                                                                
                                                                                
                                                                                
Agent the Candidate            St:18 Dx:17 Co:8 In:8 Wi:12 Ch:10 Chaotic S:0    
Dlvl:1 $:0 HP:14(14) Pw:4(4) AC:4 Xp:1/0                                        

",-0.01,False
61,Failed to obtain a valid action from the reasoning.,Failed to obtain a valid action from the reasoning.,"

Your previous output did not contain a valid action. Defaulted to action: north

Observation:
message:
It's a wall.

language observation:
stairs down very far eastsoutheast
jackal far eastsoutheast
lava near east and southeast
area of lava near eastsoutheast
horizontal wall near southeast and south
vertical wall very near southwest and west
horizontal wall adjacent north, northeast, and northwest
horn adjacent south

cursor:
Yourself a monk
(x=26, y=9)

map:
                                                                                
                                                                                
                                                                                
                                                                                
                                                                                
                                                                                
                                                                                
                        --------------                                          
                        |.@...}......---                                        
                        |.(...}........-                                        
                        |.....}..................>..|                           
                        |.....}........--------     |                           
                        |.....}.d....---                                        
                        --------------                                          
                                                                                
                                                                                
                                                                                
                                                                                
                                                                                
                                                                                
                                                                                
Agent the Candidate            St:18 Dx:17 Co:8 In:8 Wi:12 Ch:10 Chaotic S:0    
Dlvl:1 $:0 HP:14(14) Pw:4(4) AC:4 Xp:1/0                                        

",-0.01,False
62,Failed to obtain a valid action from the reasoning.,"I will choose to move north.

Agent the Candidate            St:18 Dx:17 Co:8 In:8 Wi:12 Ch:10 Chaotic S:0    
Dlvl:1 $:0 HP:14(14) Pw:4(4) AC:4 Xp:1/0","

Your previous output did not contain a valid action. Defaulted to action: north

Observation:
message:
It's a wall.

language observation:
stairs down very far eastsoutheast
jackal far eastsoutheast
lava near east and southeast
area of lava near eastsoutheast
horizontal wall near southeast and south
vertical wall very near southwest and west
horizontal wall adjacent north, northeast, and northwest
horn adjacent south

cursor:
Yourself a monk
(x=26, y=9)

map:
                                                                                
                                                                                
                                                                                
                                                                                
                                                                                
                                                                                
                                                                                
                        --------------                                          
                        |.@...}......---                                        
                        |.(...}........-                                        
                        |.....}..................>..|                           
                        |.....}........--------     |                           
                        |.....}.d....---                                        
                        --------------                                          
                                                                                
                                                                                
                                                                                
                                                                                
                                                                                
                                                                                
                                                                                
Agent the Candidate            St:18 Dx:17 Co:8 In:8 Wi:12 Ch:10 Chaotic S:0    
Dlvl:1 $:0 HP:14(14) Pw:4(4) AC:4 Xp:1/0                                        

",-0.01,False
63,Failed to obtain a valid action from the reasoning.,"I will choose to move north.

Agent the Candidate            St:18 Dx:17 Co:8 In:8 Wi:12 Ch:10 Chaotic S:0    
Dlvl:1 $:0 HP:14(14) Pw:4(4) AC:4 Xp:1/0","

Your previous output did not contain a valid action. Defaulted to action: north

Observation:
message:
It's a wall.

language observation:
stairs down very far eastsoutheast
jackal far eastsoutheast
lava near east and southeast
area of lava near eastsoutheast
horizontal wall near southeast and south
vertical wall very near southwest and west
horizontal wall adjacent north, northeast, and northwest
horn adjacent south

cursor:
Yourself a monk
(x=26, y=9)

map:
                                                                                
                                                                                
                                                                                
                                                                                
                                                                                
                                                                                
                                                                                
                        --------------                                          
                        |.@...}......---                                        
                        |.(...}........-                                        
                        |.....}..................>..|                           
                        |.....}........--------     |                           
                        |.....}.d....---                                        
                        --------------                                          
                                                                                
                                                                                
                                                                                
                                                                                
                                                                                
                                                                                
                                                                                
Agent the Candidate            St:18 Dx:17 Co:8 In:8 Wi:12 Ch:10 Chaotic S:0    
Dlvl:1 $:0 HP:14(14) Pw:4(4) AC:4 Xp:1/0                                        

",-0.01,False
64,Failed to obtain a valid action from the reasoning.,Failed to obtain a valid action from the reasoning.,"

Your previous output did not contain a valid action. Defaulted to action: north

Observation:
message:
It's a wall.

language observation:
stairs down very far eastsoutheast
jackal far eastsoutheast
lava near east and southeast
area of lava near eastsoutheast
horizontal wall near southeast and south
vertical wall very near southwest and west
horizontal wall adjacent north, northeast, and northwest
horn adjacent south

cursor:
Yourself a monk
(x=26, y=9)

map:
                                                                                
                                                                                
                                                                                
                                                                                
                                                                                
                                                                                
                                                                                
                        --------------                                          
                        |.@...}......---                                        
                        |.(...}........-                                        
                        |.....}..................>..|                           
                        |.....}........--------     |                           
                        |.....}.d....---                                        
                        --------------                                          
                                                                                
                                                                                
                                                                                
                                                                                
                                                                                
                                                                                
                                                                                
Agent the Candidate            St:18 Dx:17 Co:8 In:8 Wi:12 Ch:10 Chaotic S:0    
Dlvl:1 $:0 HP:14(14) Pw:4(4) AC:4 Xp:1/0                                        

",-0.01,False
65,Failed to obtain a valid action from the reasoning.,Failed to obtain a valid action from the reasoning.,"

Your previous output did not contain a valid action. Defaulted to action: north

Observation:
message:
It's a wall.

language observation:
stairs down very far eastsoutheast
jackal far eastsoutheast
lava near east and southeast
area of lava near eastsoutheast
horizontal wall near southeast and south
vertical wall very near southwest and west
horizontal wall adjacent north, northeast, and northwest
horn adjacent south

cursor:
Yourself a monk
(x=26, y=9)

map:
                                                                                
                                                                                
                                                                                
                                                                                
                                                                                
                                                                                
                                                                                
                        --------------                                          
                        |.@...}......---                                        
                        |.(...}........-                                        
                        |.....}..................>..|                           
                        |.....}........--------     |                           
                        |.....}.d....---                                        
                        --------------                                          
                                                                                
                                                                                
                                                                                
                                                                                
                                                                                
                                                                                
                                                                                
Agent the Candidate            St:18 Dx:17 Co:8 In:8 Wi:12 Ch:10 Chaotic S:0    
Dlvl:1 $:0 HP:14(14) Pw:4(4) AC:4 Xp:1/0                                        

",-0.01,False
66,Failed to obtain a valid action from the reasoning.,"I will choose to move north.

Agent the Candidate            St:18 Dx:17 Co:8 In:8 Wi:12 Ch:10 Chaotic S:0    
Dlvl:1 $:0 HP:14(14) Pw:4(4) AC:4 Xp:1/0","

Your previous output did not contain a valid action. Defaulted to action: north

Observation:
message:
It's a wall.

language observation:
stairs down very far eastsoutheast
jackal far eastsoutheast
lava near east and southeast
area of lava near eastsoutheast
horizontal wall near southeast and south
vertical wall very near southwest and west
horizontal wall adjacent north, northeast, and northwest
horn adjacent south

cursor:
Yourself a monk
(x=26, y=9)

map:
                                                                                
                                                                                
                                                                                
                                                                                
                                                                                
                                                                                
                                                                                
                        --------------                                          
                        |.@...}......---                                        
                        |.(...}........-                                        
                        |.....}..................>..|                           
                        |.....}........--------     |                           
                        |.....}.d....---                                        
                        --------------                                          
                                                                                
                                                                                
                                                                                
                                                                                
                                                                                
                                                                                
                                                                                
Agent the Candidate            St:18 Dx:17 Co:8 In:8 Wi:12 Ch:10 Chaotic S:0    
Dlvl:1 $:0 HP:14(14) Pw:4(4) AC:4 Xp:1/0                                        

",-0.01,False
67,Failed to obtain a valid action from the reasoning.,Failed to obtain a valid action from the reasoning.,"

Your previous output did not contain a valid action. Defaulted to action: north

Observation:
message:
It's a wall.

language observation:
stairs down very far eastsoutheast
jackal far eastsoutheast
lava near east and southeast
area of lava near eastsoutheast
horizontal wall near southeast and south
vertical wall very near southwest and west
horizontal wall adjacent north, northeast, and northwest
horn adjacent south

cursor:
Yourself a monk
(x=26, y=9)

map:
                                                                                
                                                                                
                                                                                
                                                                                
                                                                                
                                                                                
                                                                                
                        --------------                                          
                        |.@...}......---                                        
                        |.(...}........-                                        
                        |.....}..................>..|                           
                        |.....}........--------     |                           
                        |.....}.d....---                                        
                        --------------                                          
                                                                                
                                                                                
                                                                                
                                                                                
                                                                                
                                                                                
                                                                                
Agent the Candidate            St:18 Dx:17 Co:8 In:8 Wi:12 Ch:10 Chaotic S:0    
Dlvl:1 $:0 HP:14(14) Pw:4(4) AC:4 Xp:1/0                                        

",-0.01,False
68,Failed to obtain a valid action from the reasoning.,Failed to obtain a valid action from the reasoning.,"

Your previous output did not contain a valid action. Defaulted to action: north

Observation:
message:
It's a wall.

language observation:
stairs down very far eastsoutheast
jackal far eastsoutheast
lava near east and southeast
area of lava near eastsoutheast
horizontal wall near southeast and south
vertical wall very near southwest and west
horizontal wall adjacent north, northeast, and northwest
horn adjacent south

cursor:
Yourself a monk
(x=26, y=9)

map:
                                                                                
                                                                                
                                                                                
                                                                                
                                                                                
                                                                                
                                                                                
                        --------------                                          
                        |.@...}......---                                        
                        |.(...}........-                                        
                        |.....}..................>..|                           
                        |.....}........--------     |                           
                        |.....}.d....---                                        
                        --------------                                          
                                                                                
                                                                                
                                                                                
                                                                                
                                                                                
                                                                                
                                                                                
Agent the Candidate            St:18 Dx:17 Co:8 In:8 Wi:12 Ch:10 Chaotic S:0    
Dlvl:1 $:0 HP:14(14) Pw:4(4) AC:4 Xp:1/0                                        

",-0.01,False
69,Failed to obtain a valid action from the reasoning.,Failed to obtain a valid action from the reasoning.,"

Your previous output did not contain a valid action. Defaulted to action: north

Observation:
message:
It's a wall.

language observation:
stairs down very far eastsoutheast
jackal far eastsoutheast
lava near east and southeast
area of lava near eastsoutheast
horizontal wall near southeast and south
vertical wall very near southwest and west
horizontal wall adjacent north, northeast, and northwest
horn adjacent south

cursor:
Yourself a monk
(x=26, y=9)

map:
                                                                                
                                                                                
                                                                                
                                                                                
                                                                                
                                                                                
                                                                                
                        --------------                                          
                        |.@...}......---                                        
                        |.(...}........-                                        
                        |.....}..................>..|                           
                        |.....}........--------     |                           
                        |.....}.d....---                                        
                        --------------                                          
                                                                                
                                                                                
                                                                                
                                                                                
                                                                                
                                                                                
                                                                                
Agent the Candidate            St:18 Dx:17 Co:8 In:8 Wi:12 Ch:10 Chaotic S:0    
Dlvl:1 $:0 HP:14(14) Pw:4(4) AC:4 Xp:1/0                                        

",-0.01,False
70,Failed to obtain a valid action from the reasoning.,Failed to obtain a valid action from the reasoning.,"

Your previous output did not contain a valid action. Defaulted to action: north

Observation:
message:
It's a wall.

language observation:
stairs down very far eastsoutheast
jackal far eastsoutheast
lava near east and southeast
area of lava near eastsoutheast
horizontal wall near southeast and south
vertical wall very near southwest and west
horizontal wall adjacent north, northeast, and northwest
horn adjacent south

cursor:
Yourself a monk
(x=26, y=9)

map:
                                                                                
                                                                                
                                                                                
                                                                                
                                                                                
                                                                                
                                                                                
                        --------------                                          
                        |.@...}......---                                        
                        |.(...}........-                                        
                        |.....}..................>..|                           
                        |.....}........--------     |                           
                        |.....}.d....---                                        
                        --------------                                          
                                                                                
                                                                                
                                                                                
                                                                                
                                                                                
                                                                                
                                                                                
Agent the Candidate            St:18 Dx:17 Co:8 In:8 Wi:12 Ch:10 Chaotic S:0    
Dlvl:1 $:0 HP:14(14) Pw:4(4) AC:4 Xp:1/0                                        

",-0.01,False
71,Failed to obtain a valid action from the reasoning.,Failed to obtain a valid action from the reasoning.,"

Your previous output did not contain a valid action. Defaulted to action: north

Observation:
message:
It's a wall.

language observation:
stairs down very far eastsoutheast
jackal far eastsoutheast
lava near east and southeast
area of lava near eastsoutheast
horizontal wall near southeast and south
vertical wall very near southwest and west
horizontal wall adjacent north, northeast, and northwest
horn adjacent south

cursor:
Yourself a monk
(x=26, y=9)

map:
                                                                                
                                                                                
                                                                                
                                                                                
                                                                                
                                                                                
                                                                                
                        --------------                                          
                        |.@...}......---                                        
                        |.(...}........-                                        
                        |.....}..................>..|                           
                        |.....}........--------     |                           
                        |.....}.d....---                                        
                        --------------                                          
                                                                                
                                                                                
                                                                                
                                                                                
                                                                                
                                                                                
                                                                                
Agent the Candidate            St:18 Dx:17 Co:8 In:8 Wi:12 Ch:10 Chaotic S:0    
Dlvl:1 $:0 HP:14(14) Pw:4(4) AC:4 Xp:1/0                                        

",-0.01,False
72,Failed to obtain a valid action from the reasoning.,"I will choose to move north.

Agent the Candidate            St:18 Dx:17 Co:8 In:8 Wi:12 Ch:10 Chaotic S:0    
Dlvl:1 $:0 HP:14(14) Pw:4(4) AC:4 Xp:1/0","

Your previous output did not contain a valid action. Defaulted to action: north

Observation:
message:
It's a wall.

language observation:
stairs down very far eastsoutheast
jackal far eastsoutheast
lava near east and southeast
area of lava near eastsoutheast
horizontal wall near southeast and south
vertical wall very near southwest and west
horizontal wall adjacent north, northeast, and northwest
horn adjacent south

cursor:
Yourself a monk
(x=26, y=9)

map:
                                                                                
                                                                                
                                                                                
                                                                                
                                                                                
                                                                                
                                                                                
                        --------------                                          
                        |.@...}......---                                        
                        |.(...}........-                                        
                        |.....}..................>..|                           
                        |.....}........--------     |                           
                        |.....}.d....---                                        
                        --------------                                          
                                                                                
                                                                                
                                                                                
                                                                                
                                                                                
                                                                                
                                                                                
Agent the Candidate            St:18 Dx:17 Co:8 In:8 Wi:12 Ch:10 Chaotic S:0    
Dlvl:1 $:0 HP:14(14) Pw:4(4) AC:4 Xp:1/0                                        

",-0.01,False
73,Failed to obtain a valid action from the reasoning.,"I will choose to move north.

Agent the Candidate            St:18 Dx:17 Co:8 In:8 Wi:12 Ch:10 Chaotic S:0    
Dlvl:1 $:0 HP:14(14) Pw:4(4) AC:4 Xp:1/0","

Your previous output did not contain a valid action. Defaulted to action: north

Observation:
message:
It's a wall.

language observation:
stairs down very far eastsoutheast
jackal far eastsoutheast
lava near east and southeast
area of lava near eastsoutheast
horizontal wall near southeast and south
vertical wall very near southwest and west
horizontal wall adjacent north, northeast, and northwest
horn adjacent south

cursor:
Yourself a monk
(x=26, y=9)

map:
                                                                                
                                                                                
                                                                                
                                                                                
                                                                                
                                                                                
                                                                                
                        --------------                                          
                        |.@...}......---                                        
                        |.(...}........-                                        
                        |.....}..................>..|                           
                        |.....}........--------     |                           
                        |.....}.d....---                                        
                        --------------                                          
                                                                                
                                                                                
                                                                                
                                                                                
                                                                                
                                                                                
                                                                                
Agent the Candidate            St:18 Dx:17 Co:8 In:8 Wi:12 Ch:10 Chaotic S:0    
Dlvl:1 $:0 HP:14(14) Pw:4(4) AC:4 Xp:1/0                                        

",-0.01,False
74,Failed to obtain a valid action from the reasoning.,"I will choose to move north.

Agent the Candidate            St:18 Dx:17 Co:8 In:8 Wi:12 Ch:10 Chaotic S:0    
Dlvl:1 $:0 HP:14(14) Pw:4(4) AC:4 Xp:1/0","

Your previous output did not contain a valid action. Defaulted to action: north

Observation:
message:
It's a wall.

language observation:
stairs down very far eastsoutheast
jackal far eastsoutheast
lava near east and southeast
area of lava near eastsoutheast
horizontal wall near southeast and south
vertical wall very near southwest and west
horizontal wall adjacent north, northeast, and northwest
horn adjacent south

cursor:
Yourself a monk
(x=26, y=9)

map:
                                                                                
                                                                                
                                                                                
                                                                                
                                                                                
                                                                                
                                                                                
                        --------------                                          
                        |.@...}......---                                        
                        |.(...}........-                                        
                        |.....}..................>..|                           
                        |.....}........--------     |                           
                        |.....}.d....---                                        
                        --------------                                          
                                                                                
                                                                                
                                                                                
                                                                                
                                                                                
                                                                                
                                                                                
Agent the Candidate            St:18 Dx:17 Co:8 In:8 Wi:12 Ch:10 Chaotic S:0    
Dlvl:1 $:0 HP:14(14) Pw:4(4) AC:4 Xp:1/0                                        

",-0.01,False
75,Failed to obtain a valid action from the reasoning.,"I will choose to move north.

Agent the Candidate            St:18 Dx:17 Co:8 In:8 Wi:12 Ch:10 Chaotic S:0    
Dlvl:1 $:0 HP:14(14) Pw:4(4) AC:4 Xp:1/0","

Your previous output did not contain a valid action. Defaulted to action: north

Observation:
message:
It's a wall.

language observation:
stairs down very far eastsoutheast
jackal far eastsoutheast
lava near east and southeast
area of lava near eastsoutheast
horizontal wall near southeast and south
vertical wall very near southwest and west
horizontal wall adjacent north, northeast, and northwest
horn adjacent south

cursor:
Yourself a monk
(x=26, y=9)

map:
                                                                                
                                                                                
                                                                                
                                                                                
                                                                                
                                                                                
                                                                                
                        --------------                                          
                        |.@...}......---                                        
                        |.(...}........-                                        
                        |.....}..................>..|                           
                        |.....}........--------     |                           
                        |.....}.d....---                                        
                        --------------                                          
                                                                                
                                                                                
                                                                                
                                                                                
                                                                                
                                                                                
                                                                                
Agent the Candidate            St:18 Dx:17 Co:8 In:8 Wi:12 Ch:10 Chaotic S:0    
Dlvl:1 $:0 HP:14(14) Pw:4(4) AC:4 Xp:1/0                                        

",-0.01,False
76,Failed to obtain a valid action from the reasoning.,"I will choose to move north.

Agent the Candidate            St:18 Dx:17 Co:8 In:8 Wi:12 Ch:10 Chaotic S:0    
Dlvl:1 $:0 HP:14(14) Pw:4(4) AC:4 Xp:1/0","

Your previous output did not contain a valid action. Defaulted to action: north

Observation:
message:
It's a wall.

language observation:
stairs down very far eastsoutheast
jackal far eastsoutheast
lava near east and southeast
area of lava near eastsoutheast
horizontal wall near southeast and south
vertical wall very near southwest and west
horizontal wall adjacent north, northeast, and northwest
horn adjacent south

cursor:
Yourself a monk
(x=26, y=9)

map:
                                                                                
                                                                                
                                                                                
                                                                                
                                                                                
                                                                                
                                                                                
                        --------------                                          
                        |.@...}......---                                        
                        |.(...}........-                                        
                        |.....}..................>..|                           
                        |.....}........--------     |                           
                        |.....}.d....---                                        
                        --------------                                          
                                                                                
                                                                                
                                                                                
                                                                                
                                                                                
                                                                                
                                                                                
Agent the Candidate            St:18 Dx:17 Co:8 In:8 Wi:12 Ch:10 Chaotic S:0    
Dlvl:1 $:0 HP:14(14) Pw:4(4) AC:4 Xp:1/0                                        

",-0.01,False
77,Failed to obtain a valid action from the reasoning.,"I will choose to move north.

Agent the Candidate            St:18 Dx:17 Co:8 In:8 Wi:12 Ch:10 Chaotic S:0    
Dlvl:1 $:0 HP:14(14) Pw:4(4) AC:4 Xp:1/0","

Your previous output did not contain a valid action. Defaulted to action: north

Observation:
message:
It's a wall.

language observation:
stairs down very far eastsoutheast
jackal far eastsoutheast
lava near east and southeast
area of lava near eastsoutheast
horizontal wall near southeast and south
vertical wall very near southwest and west
horizontal wall adjacent north, northeast, and northwest
horn adjacent south

cursor:
Yourself a monk
(x=26, y=9)

map:
                                                                                
                                                                                
                                                                                
                                                                                
                                                                                
                                                                                
                                                                                
                        --------------                                          
                        |.@...}......---                                        
                        |.(...}........-                                        
                        |.....}..................>..|                           
                        |.....}........--------     |                           
                        |.....}.d....---                                        
                        --------------                                          
                                                                                
                                                                                
                                                                                
                                                                                
                                                                                
                                                                                
                                                                                
Agent the Candidate            St:18 Dx:17 Co:8 In:8 Wi:12 Ch:10 Chaotic S:0    
Dlvl:1 $:0 HP:14(14) Pw:4(4) AC:4 Xp:1/0                                        

",-0.01,False
78,Failed to obtain a valid action from the reasoning.,"I will choose to move north.

Agent the Candidate            St:18 Dx:17 Co:8 In:8 Wi:12 Ch:10 Chaotic S:0    
Dlvl:1 $:0 HP:14(14) Pw:4(4) AC:4 Xp:1/0","

Your previous output did not contain a valid action. Defaulted to action: north

Observation:
message:
It's a wall.

language observation:
stairs down very far eastsoutheast
jackal far eastsoutheast
lava near east and southeast
area of lava near eastsoutheast
horizontal wall near southeast and south
vertical wall very near southwest and west
horizontal wall adjacent north, northeast, and northwest
horn adjacent south

cursor:
Yourself a monk
(x=26, y=9)

map:
                                                                                
                                                                                
                                                                                
                                                                                
                                                                                
                                                                                
                                                                                
                        --------------                                          
                        |.@...}......---                                        
                        |.(...}........-                                        
                        |.....}..................>..|                           
                        |.....}........--------     |                           
                        |.....}.d....---                                        
                        --------------                                          
                                                                                
                                                                                
                                                                                
                                                                                
                                                                                
                                                                                
                                                                                
Agent the Candidate            St:18 Dx:17 Co:8 In:8 Wi:12 Ch:10 Chaotic S:0    
Dlvl:1 $:0 HP:14(14) Pw:4(4) AC:4 Xp:1/0                                        

",-0.01,False
79,Failed to obtain a valid action from the reasoning.,"I will choose to move north.

Agent the Candidate            St:18 Dx:17 Co:8 In:8 Wi:12 Ch:10 Chaotic S:0    
Dlvl:1 $:0 HP:14(14) Pw:4(4) AC:4 Xp:1/0","

Your previous output did not contain a valid action. Defaulted to action: north

Observation:
message:
It's a wall.

language observation:
stairs down very far eastsoutheast
jackal far eastsoutheast
lava near east and southeast
area of lava near eastsoutheast
horizontal wall near southeast and south
vertical wall very near southwest and west
horizontal wall adjacent north, northeast, and northwest
horn adjacent south

cursor:
Yourself a monk
(x=26, y=9)

map:
                                                                                
                                                                                
                                                                                
                                                                                
                                                                                
                                                                                
                                                                                
                        --------------                                          
                        |.@...}......---                                        
                        |.(...}........-                                        
                        |.....}..................>..|                           
                        |.....}........--------     |                           
                        |.....}.d....---                                        
                        --------------                                          
                                                                                
                                                                                
                                                                                
                                                                                
                                                                                
                                                                                
                                                                                
Agent the Candidate            St:18 Dx:17 Co:8 In:8 Wi:12 Ch:10 Chaotic S:0    
Dlvl:1 $:0 HP:14(14) Pw:4(4) AC:4 Xp:1/0                                        

",-0.01,False
80,Failed to obtain a valid action from the reasoning.,Failed to obtain a valid action from the reasoning.,"

Your previous output did not contain a valid action. Defaulted to action: north

Observation:
message:
It's a wall.

language observation:
stairs down very far eastsoutheast
jackal far eastsoutheast
lava near east and southeast
area of lava near eastsoutheast
horizontal wall near southeast and south
vertical wall very near southwest and west
horizontal wall adjacent north, northeast, and northwest
horn adjacent south

cursor:
Yourself a monk
(x=26, y=9)

map:
                                                                                
                                                                                
                                                                                
                                                                                
                                                                                
                                                                                
                                                                                
                        --------------                                          
                        |.@...}......---                                        
                        |.(...}........-                                        
                        |.....}..................>..|                           
                        |.....}........--------     |                           
                        |.....}.d....---                                        
                        --------------                                          
                                                                                
                                                                                
                                                                                
                                                                                
                                                                                
                                                                                
                                                                                
Agent the Candidate            St:18 Dx:17 Co:8 In:8 Wi:12 Ch:10 Chaotic S:0    
Dlvl:1 $:0 HP:14(14) Pw:4(4) AC:4 Xp:1/0                                        

",-0.01,False
81,Failed to obtain a valid action from the reasoning.,Failed to obtain a valid action from the reasoning.,"

Your previous output did not contain a valid action. Defaulted to action: north

Observation:
message:
It's a wall.

language observation:
stairs down very far eastsoutheast
jackal far eastsoutheast
lava near east and southeast
area of lava near eastsoutheast
horizontal wall near southeast and south
vertical wall very near southwest and west
horizontal wall adjacent north, northeast, and northwest
horn adjacent south

cursor:
Yourself a monk
(x=26, y=9)

map:
                                                                                
                                                                                
                                                                                
                                                                                
                                                                                
                                                                                
                                                                                
                        --------------                                          
                        |.@...}......---                                        
                        |.(...}........-                                        
                        |.....}..................>..|                           
                        |.....}........--------     |                           
                        |.....}.d....---                                        
                        --------------                                          
                                                                                
                                                                                
                                                                                
                                                                                
                                                                                
                                                                                
                                                                                
Agent the Candidate            St:18 Dx:17 Co:8 In:8 Wi:12 Ch:10 Chaotic S:0    
Dlvl:1 $:0 HP:14(14) Pw:4(4) AC:4 Xp:1/0                                        

",-0.01,False
82,Failed to obtain a valid action from the reasoning.,"I will choose to move north.

Agent the Candidate            St:18 Dx:17 Co:8 In:8 Wi:12 Ch:10 Chaotic S:0    
Dlvl:1 $:0 HP:14(14) Pw:4(4) AC:4 Xp:1/0","

Your previous output did not contain a valid action. Defaulted to action: north

Observation:
message:
It's a wall.

language observation:
stairs down very far eastsoutheast
jackal far eastsoutheast
lava near east and southeast
area of lava near eastsoutheast
horizontal wall near southeast and south
vertical wall very near southwest and west
horizontal wall adjacent north, northeast, and northwest
horn adjacent south

cursor:
Yourself a monk
(x=26, y=9)

map:
                                                                                
                                                                                
                                                                                
                                                                                
                                                                                
                                                                                
                                                                                
                        --------------                                          
                        |.@...}......---                                        
                        |.(...}........-                                        
                        |.....}..................>..|                           
                        |.....}........--------     |                           
                        |.....}.d....---                                        
                        --------------                                          
                                                                                
                                                                                
                                                                                
                                                                                
                                                                                
                                                                                
                                                                                
Agent the Candidate            St:18 Dx:17 Co:8 In:8 Wi:12 Ch:10 Chaotic S:0    
Dlvl:1 $:0 HP:14(14) Pw:4(4) AC:4 Xp:1/0                                        

",-0.01,False
83,Failed to obtain a valid action from the reasoning.,"I will choose to move north.

Agent the Candidate            St:18 Dx:17 Co:8 In:8 Wi:12 Ch:10 Chaotic S:0    
Dlvl:1 $:0 HP:14(14) Pw:4(4) AC:4 Xp:1/0","

Your previous output did not contain a valid action. Defaulted to action: north

Observation:
message:
It's a wall.

language observation:
stairs down very far eastsoutheast
jackal far eastsoutheast
lava near east and southeast
area of lava near eastsoutheast
horizontal wall near southeast and south
vertical wall very near southwest and west
horizontal wall adjacent north, northeast, and northwest
horn adjacent south

cursor:
Yourself a monk
(x=26, y=9)

map:
                                                                                
                                                                                
                                                                                
                                                                                
                                                                                
                                                                                
                                                                                
                        --------------                                          
                        |.@...}......---                                        
                        |.(...}........-                                        
                        |.....}..................>..|                           
                        |.....}........--------     |                           
                        |.....}.d....---                                        
                        --------------                                          
                                                                                
                                                                                
                                                                                
                                                                                
                                                                                
                                                                                
                                                                                
Agent the Candidate            St:18 Dx:17 Co:8 In:8 Wi:12 Ch:10 Chaotic S:0    
Dlvl:1 $:0 HP:14(14) Pw:4(4) AC:4 Xp:1/0                                        

",-0.01,False
84,Failed to obtain a valid action from the reasoning.,"I will choose to move north.

Agent the Candidate            St:18 Dx:17 Co:8 In:8 Wi:12 Ch:10 Chaotic S:0    
Dlvl:1 $:0 HP:14(14) Pw:4(4) AC:4 Xp:1/0","

Your previous output did not contain a valid action. Defaulted to action: north

Observation:
message:
It's a wall.

language observation:
stairs down very far eastsoutheast
jackal far eastsoutheast
lava near east and southeast
area of lava near eastsoutheast
horizontal wall near southeast and south
vertical wall very near southwest and west
horizontal wall adjacent north, northeast, and northwest
horn adjacent south

cursor:
Yourself a monk
(x=26, y=9)

map:
                                                                                
                                                                                
                                                                                
                                                                                
                                                                                
                                                                                
                                                                                
                        --------------                                          
                        |.@...}......---                                        
                        |.(...}........-                                        
                        |.....}..................>..|                           
                        |.....}........--------     |                           
                        |.....}.d....---                                        
                        --------------                                          
                                                                                
                                                                                
                                                                                
                                                                                
                                                                                
                                                                                
                                                                                
Agent the Candidate            St:18 Dx:17 Co:8 In:8 Wi:12 Ch:10 Chaotic S:0    
Dlvl:1 $:0 HP:14(14) Pw:4(4) AC:4 Xp:1/0                                        

",-0.01,False
85,Failed to obtain a valid action from the reasoning.,"I will choose to move north.

Agent the Candidate            St:18 Dx:17 Co:8 In:8 Wi:12 Ch:10 Chaotic S:0    
Dlvl:1 $:0 HP:14(14) Pw:4(4) AC:4 Xp:1/0","

Your previous output did not contain a valid action. Defaulted to action: north

Observation:
message:
It's a wall.

language observation:
stairs down very far eastsoutheast
jackal far eastsoutheast
lava near east and southeast
area of lava near eastsoutheast
horizontal wall near southeast and south
vertical wall very near southwest and west
horizontal wall adjacent north, northeast, and northwest
horn adjacent south

cursor:
Yourself a monk
(x=26, y=9)

map:
                                                                                
                                                                                
                                                                                
                                                                                
                                                                                
                                                                                
                                                                                
                        --------------                                          
                        |.@...}......---                                        
                        |.(...}........-                                        
                        |.....}..................>..|                           
                        |.....}........--------     |                           
                        |.....}.d....---                                        
                        --------------                                          
                                                                                
                                                                                
                                                                                
                                                                                
                                                                                
                                                                                
                                                                                
Agent the Candidate            St:18 Dx:17 Co:8 In:8 Wi:12 Ch:10 Chaotic S:0    
Dlvl:1 $:0 HP:14(14) Pw:4(4) AC:4 Xp:1/0                                        

",-0.01,False
86,Failed to obtain a valid action from the reasoning.,"I will choose to move north.

Agent the Candidate            St:18 Dx:17 Co:8 In:8 Wi:12 Ch:10 Chaotic S:0    
Dlvl:1 $:0 HP:14(14) Pw:4(4) AC:4 Xp:1/0","

Your previous output did not contain a valid action. Defaulted to action: north

Observation:
message:
It's a wall.

language observation:
stairs down very far eastsoutheast
jackal far eastsoutheast
lava near east and southeast
area of lava near eastsoutheast
horizontal wall near southeast and south
vertical wall very near southwest and west
horizontal wall adjacent north, northeast, and northwest
horn adjacent south

cursor:
Yourself a monk
(x=26, y=9)

map:
                                                                                
                                                                                
                                                                                
                                                                                
                                                                                
                                                                                
                                                                                
                        --------------                                          
                        |.@...}......---                                        
                        |.(...}........-                                        
                        |.....}..................>..|                           
                        |.....}........--------     |                           
                        |.....}.d....---                                        
                        --------------                                          
                                                                                
                                                                                
                                                                                
                                                                                
                                                                                
                                                                                
                                                                                
Agent the Candidate            St:18 Dx:17 Co:8 In:8 Wi:12 Ch:10 Chaotic S:0    
Dlvl:1 $:0 HP:14(14) Pw:4(4) AC:4 Xp:1/0                                        

",-0.01,False
87,Failed to obtain a valid action from the reasoning.,Failed to obtain a valid action from the reasoning.,"

Your previous output did not contain a valid action. Defaulted to action: north

Observation:
message:
It's a wall.

language observation:
stairs down very far eastsoutheast
jackal far eastsoutheast
lava near east and southeast
area of lava near eastsoutheast
horizontal wall near southeast and south
vertical wall very near southwest and west
horizontal wall adjacent north, northeast, and northwest
horn adjacent south

cursor:
Yourself a monk
(x=26, y=9)

map:
                                                                                
                                                                                
                                                                                
                                                                                
                                                                                
                                                                                
                                                                                
                        --------------                                          
                        |.@...}......---                                        
                        |.(...}........-                                        
                        |.....}..................>..|                           
                        |.....}........--------     |                           
                        |.....}.d....---                                        
                        --------------                                          
                                                                                
                                                                                
                                                                                
                                                                                
                                                                                
                                                                                
                                                                                
Agent the Candidate            St:18 Dx:17 Co:8 In:8 Wi:12 Ch:10 Chaotic S:0    
Dlvl:1 $:0 HP:14(14) Pw:4(4) AC:4 Xp:1/0                                        

",-0.01,False
88,Failed to obtain a valid action from the reasoning.,"I will choose to move north.

Agent the Candidate            St:18 Dx:17 Co:8 In:8 Wi:12 Ch:10 Chaotic S:0    
Dlvl:1 $:0 HP:14(14) Pw:4(4) AC:4 Xp:1/0","

Your previous output did not contain a valid action. Defaulted to action: north

Observation:
message:
It's a wall.

language observation:
stairs down very far eastsoutheast
jackal far eastsoutheast
lava near east and southeast
area of lava near eastsoutheast
horizontal wall near southeast and south
vertical wall very near southwest and west
horizontal wall adjacent north, northeast, and northwest
horn adjacent south

cursor:
Yourself a monk
(x=26, y=9)

map:
                                                                                
                                                                                
                                                                                
                                                                                
                                                                                
                                                                                
                                                                                
                        --------------                                          
                        |.@...}......---                                        
                        |.(...}........-                                        
                        |.....}..................>..|                           
                        |.....}........--------     |                           
                        |.....}.d....---                                        
                        --------------                                          
                                                                                
                                                                                
                                                                                
                                                                                
                                                                                
                                                                                
                                                                                
Agent the Candidate            St:18 Dx:17 Co:8 In:8 Wi:12 Ch:10 Chaotic S:0    
Dlvl:1 $:0 HP:14(14) Pw:4(4) AC:4 Xp:1/0                                        

",-0.01,False
89,Failed to obtain a valid action from the reasoning.,Failed to obtain a valid action from the reasoning.,"

Your previous output did not contain a valid action. Defaulted to action: north

Observation:
message:
It's a wall.

language observation:
stairs down very far eastsoutheast
jackal far eastsoutheast
lava near east and southeast
area of lava near eastsoutheast
horizontal wall near southeast and south
vertical wall very near southwest and west
horizontal wall adjacent north, northeast, and northwest
horn adjacent south

cursor:
Yourself a monk
(x=26, y=9)

map:
                                                                                
                                                                                
                                                                                
                                                                                
                                                                                
                                                                                
                                                                                
                        --------------                                          
                        |.@...}......---                                        
                        |.(...}........-                                        
                        |.....}..................>..|                           
                        |.....}........--------     |                           
                        |.....}.d....---                                        
                        --------------                                          
                                                                                
                                                                                
                                                                                
                                                                                
                                                                                
                                                                                
                                                                                
Agent the Candidate            St:18 Dx:17 Co:8 In:8 Wi:12 Ch:10 Chaotic S:0    
Dlvl:1 $:0 HP:14(14) Pw:4(4) AC:4 Xp:1/0                                        

",-0.01,False
90,Failed to obtain a valid action from the reasoning.,Failed to obtain a valid action from the reasoning.,"

Your previous output did not contain a valid action. Defaulted to action: north

Observation:
message:
It's a wall.

language observation:
stairs down very far eastsoutheast
jackal far eastsoutheast
lava near east and southeast
area of lava near eastsoutheast
horizontal wall near southeast and south
vertical wall very near southwest and west
horizontal wall adjacent north, northeast, and northwest
horn adjacent south

cursor:
Yourself a monk
(x=26, y=9)

map:
                                                                                
                                                                                
                                                                                
                                                                                
                                                                                
                                                                                
                                                                                
                        --------------                                          
                        |.@...}......---                                        
                        |.(...}........-                                        
                        |.....}..................>..|                           
                        |.....}........--------     |                           
                        |.....}.d....---                                        
                        --------------                                          
                                                                                
                                                                                
                                                                                
                                                                                
                                                                                
                                                                                
                                                                                
Agent the Candidate            St:18 Dx:17 Co:8 In:8 Wi:12 Ch:10 Chaotic S:0    
Dlvl:1 $:0 HP:14(14) Pw:4(4) AC:4 Xp:1/0                                        

",-0.01,False
91,Failed to obtain a valid action from the reasoning.,Failed to obtain a valid action from the reasoning.,"

Your previous output did not contain a valid action. Defaulted to action: north

Observation:
message:
It's a wall.

language observation:
stairs down very far eastsoutheast
jackal far eastsoutheast
lava near east and southeast
area of lava near eastsoutheast
horizontal wall near southeast and south
vertical wall very near southwest and west
horizontal wall adjacent north, northeast, and northwest
horn adjacent south

cursor:
Yourself a monk
(x=26, y=9)

map:
                                                                                
                                                                                
                                                                                
                                                                                
                                                                                
                                                                                
                                                                                
                        --------------                                          
                        |.@...}......---                                        
                        |.(...}........-                                        
                        |.....}..................>..|                           
                        |.....}........--------     |                           
                        |.....}.d....---                                        
                        --------------                                          
                                                                                
                                                                                
                                                                                
                                                                                
                                                                                
                                                                                
                                                                                
Agent the Candidate            St:18 Dx:17 Co:8 In:8 Wi:12 Ch:10 Chaotic S:0    
Dlvl:1 $:0 HP:14(14) Pw:4(4) AC:4 Xp:1/0                                        

",-0.01,False
92,Failed to obtain a valid action from the reasoning.,"I will choose to move north.

Agent the Candidate            St:18 Dx:17 Co:8 In:8 Wi:12 Ch:10 Chaotic S:0    
Dlvl:1 $:0 HP:14(14) Pw:4(4) AC:4 Xp:1/0","

Your previous output did not contain a valid action. Defaulted to action: north

Observation:
message:
It's a wall.

language observation:
stairs down very far eastsoutheast
jackal far eastsoutheast
lava near east and southeast
area of lava near eastsoutheast
horizontal wall near southeast and south
vertical wall very near southwest and west
horizontal wall adjacent north, northeast, and northwest
horn adjacent south

cursor:
Yourself a monk
(x=26, y=9)

map:
                                                                                
                                                                                
                                                                                
                                                                                
                                                                                
                                                                                
                                                                                
                        --------------                                          
                        |.@...}......---                                        
                        |.(...}........-                                        
                        |.....}..................>..|                           
                        |.....}........--------     |                           
                        |.....}.d....---                                        
                        --------------                                          
                                                                                
                                                                                
                                                                                
                                                                                
                                                                                
                                                                                
                                                                                
Agent the Candidate            St:18 Dx:17 Co:8 In:8 Wi:12 Ch:10 Chaotic S:0    
Dlvl:1 $:0 HP:14(14) Pw:4(4) AC:4 Xp:1/0                                        

",-0.01,False
93,Failed to obtain a valid action from the reasoning.,Failed to obtain a valid action from the reasoning.,"

Your previous output did not contain a valid action. Defaulted to action: north

Observation:
message:
It's a wall.

language observation:
stairs down very far eastsoutheast
jackal far eastsoutheast
lava near east and southeast
area of lava near eastsoutheast
horizontal wall near southeast and south
vertical wall very near southwest and west
horizontal wall adjacent north, northeast, and northwest
horn adjacent south

cursor:
Yourself a monk
(x=26, y=9)

map:
                                                                                
                                                                                
                                                                                
                                                                                
                                                                                
                                                                                
                                                                                
                        --------------                                          
                        |.@...}......---                                        
                        |.(...}........-                                        
                        |.....}..................>..|                           
                        |.....}........--------     |                           
                        |.....}.d....---                                        
                        --------------                                          
                                                                                
                                                                                
                                                                                
                                                                                
                                                                                
                                                                                
                                                                                
Agent the Candidate            St:18 Dx:17 Co:8 In:8 Wi:12 Ch:10 Chaotic S:0    
Dlvl:1 $:0 HP:14(14) Pw:4(4) AC:4 Xp:1/0                                        

",-0.01,False
94,Failed to obtain a valid action from the reasoning.,"I will choose to move north.

Agent the Candidate            St:18 Dx:17 Co:8 In:8 Wi:12 Ch:10 Chaotic S:0    
Dlvl:1 $:0 HP:14(14) Pw:4(4) AC:4 Xp:1/0","

Your previous output did not contain a valid action. Defaulted to action: north

Observation:
message:
It's a wall.

language observation:
stairs down very far eastsoutheast
jackal far eastsoutheast
lava near east and southeast
area of lava near eastsoutheast
horizontal wall near southeast and south
vertical wall very near southwest and west
horizontal wall adjacent north, northeast, and northwest
horn adjacent south

cursor:
Yourself a monk
(x=26, y=9)

map:
                                                                                
                                                                                
                                                                                
                                                                                
                                                                                
                                                                                
                                                                                
                        --------------                                          
                        |.@...}......---                                        
                        |.(...}........-                                        
                        |.....}..................>..|                           
                        |.....}........--------     |                           
                        |.....}.d....---                                        
                        --------------                                          
                                                                                
                                                                                
                                                                                
                                                                                
                                                                                
                                                                                
                                                                                
Agent the Candidate            St:18 Dx:17 Co:8 In:8 Wi:12 Ch:10 Chaotic S:0    
Dlvl:1 $:0 HP:14(14) Pw:4(4) AC:4 Xp:1/0                                        

",-0.01,False
95,Failed to obtain a valid action from the reasoning.,Failed to obtain a valid action from the reasoning.,"

Your previous output did not contain a valid action. Defaulted to action: north

Observation:
message:
It's a wall.

language observation:
stairs down very far eastsoutheast
jackal far eastsoutheast
lava near east and southeast
area of lava near eastsoutheast
horizontal wall near southeast and south
vertical wall very near southwest and west
horizontal wall adjacent north, northeast, and northwest
horn adjacent south

cursor:
Yourself a monk
(x=26, y=9)

map:
                                                                                
                                                                                
                                                                                
                                                                                
                                                                                
                                                                                
                                                                                
                        --------------                                          
                        |.@...}......---                                        
                        |.(...}........-                                        
                        |.....}..................>..|                           
                        |.....}........--------     |                           
                        |.....}.d....---                                        
                        --------------                                          
                                                                                
                                                                                
                                                                                
                                                                                
                                                                                
                                                                                
                                                                                
Agent the Candidate            St:18 Dx:17 Co:8 In:8 Wi:12 Ch:10 Chaotic S:0    
Dlvl:1 $:0 HP:14(14) Pw:4(4) AC:4 Xp:1/0                                        

",-0.01,False
96,Failed to obtain a valid action from the reasoning.,Failed to obtain a valid action from the reasoning.,"

Your previous output did not contain a valid action. Defaulted to action: north

Observation:
message:
It's a wall.

language observation:
stairs down very far eastsoutheast
jackal far eastsoutheast
lava near east and southeast
area of lava near eastsoutheast
horizontal wall near southeast and south
vertical wall very near southwest and west
horizontal wall adjacent north, northeast, and northwest
horn adjacent south

cursor:
Yourself a monk
(x=26, y=9)

map:
                                                                                
                                                                                
                                                                                
                                                                                
                                                                                
                                                                                
                                                                                
                        --------------                                          
                        |.@...}......---                                        
                        |.(...}........-                                        
                        |.....}..................>..|                           
                        |.....}........--------     |                           
                        |.....}.d....---                                        
                        --------------                                          
                                                                                
                                                                                
                                                                                
                                                                                
                                                                                
                                                                                
                                                                                
Agent the Candidate            St:18 Dx:17 Co:8 In:8 Wi:12 Ch:10 Chaotic S:0    
Dlvl:1 $:0 HP:14(14) Pw:4(4) AC:4 Xp:1/0                                        

",-0.01,False
97,Failed to obtain a valid action from the reasoning.,"I will choose to move north.

Agent the Candidate            St:18 Dx:17 Co:8 In:8 Wi:12 Ch:10 Chaotic S:0    
Dlvl:1 $:0 HP:14(14) Pw:4(4) AC:4 Xp:1/0","

Your previous output did not contain a valid action. Defaulted to action: north

Observation:
message:
It's a wall.

language observation:
stairs down very far eastsoutheast
jackal far eastsoutheast
lava near east and southeast
area of lava near eastsoutheast
horizontal wall near southeast and south
vertical wall very near southwest and west
horizontal wall adjacent north, northeast, and northwest
horn adjacent south

cursor:
Yourself a monk
(x=26, y=9)

map:
                                                                                
                                                                                
                                                                                
                                                                                
                                                                                
                                                                                
                                                                                
                        --------------                                          
                        |.@...}......---                                        
                        |.(...}........-                                        
                        |.....}..................>..|                           
                        |.....}........--------     |                           
                        |.....}.d....---                                        
                        --------------                                          
                                                                                
                                                                                
                                                                                
                                                                                
                                                                                
                                                                                
                                                                                
Agent the Candidate            St:18 Dx:17 Co:8 In:8 Wi:12 Ch:10 Chaotic S:0    
Dlvl:1 $:0 HP:14(14) Pw:4(4) AC:4 Xp:1/0                                        

",-0.01,False
98,Failed to obtain a valid action from the reasoning.,"I will choose to move north.

Agent the Candidate            St:18 Dx:17 Co:8 In:8 Wi:12 Ch:10 Chaotic S:0    
Dlvl:1 $:0 HP:14(14) Pw:4(4) AC:4 Xp:1/0","

Your previous output did not contain a valid action. Defaulted to action: north

Observation:
message:
It's a wall.

language observation:
stairs down very far eastsoutheast
jackal far eastsoutheast
lava near east and southeast
area of lava near eastsoutheast
horizontal wall near southeast and south
vertical wall very near southwest and west
horizontal wall adjacent north, northeast, and northwest
horn adjacent south

cursor:
Yourself a monk
(x=26, y=9)

map:
                                                                                
                                                                                
                                                                                
                                                                                
                                                                                
                                                                                
                                                                                
                        --------------                                          
                        |.@...}......---                                        
                        |.(...}........-                                        
                        |.....}..................>..|                           
                        |.....}........--------     |                           
                        |.....}.d....---                                        
                        --------------                                          
                                                                                
                                                                                
                                                                                
                                                                                
                                                                                
                                                                                
                                                                                
Agent the Candidate            St:18 Dx:17 Co:8 In:8 Wi:12 Ch:10 Chaotic S:0    
Dlvl:1 $:0 HP:14(14) Pw:4(4) AC:4 Xp:1/0                                        

",-0.01,False
99,Failed to obtain a valid action from the reasoning.,Failed to obtain a valid action from the reasoning.,"

Your previous output did not contain a valid action. Defaulted to action: north

Observation:
message:
 
No  Points     Name                                                   Hp [max]
0  Agent-Mon-Hum-Fem-Cha quit in The Dungeons of Doom on
level 1.                                               14  [14]


language observation:
dark area adjacent east, southeast, and south

cursor:
very far eastsoutheast 
(x=77, y=6)

map:
 No  Points     Name                                                   Hp [max] 
                                                                                
            0  Agent-Mon-Hum-Fem-Cha quit in The Dungeons of Doom on            
                                                                                
              level 1.                                               14  [14]   
                                                                                
                                                                                
                                                                                
                                                                                
                                                                                
                                                                                
                                                                                
                                                                                
                                                                                
                                                                                
                                                                                
                                                                                
                                                                                
                                                                                
                                                                                
                                                                                
                                                                                
                                                                                

",-0.01,True
